Number of requests is 698
Number of Drivers is 250
Number of Riders is 448

Req_no. request_arrival_time service_time_at_source Pickup_location_longitude Pickup_location_latitude  Pickup_earliest_time Pickup_latest_time  service_time_at_delivery delivery_location_long delivery_location_latitude delivery_earliest_time delivery_latest_time 
0	0	0	-87.6916	41.89188	427	547	0	-88.01062	41.97552	455	575
1	0	0	-87.59774	41.34074	810	930	0	-88.28917	42.20857	922.3	1042.3
2	0	0	-88.23784	42.45587	480	600	0	-88.20327	41.68083	566.3	686.3
3	0	0	-88.20327	41.68083	570	690	0	-88.18261	42.44853	655.4	775.4
4	0	0	-88.48433	41.59486	910	1030	0	-87.79426	41.83163	973.1	1093.1
5	0	0	-88.33984	41.76578	780	900	0	-88.46104	42.31407	841.8	961.8
6	0	0	-88.46104	42.31407	810	930	0	-88.33984	41.76578	871.8	991.8
7	0	0	-88.32093	41.88843	304	424	0	-87.64271	41.88534	360.2	480.2
8	0	0	-88.14498	42.22658	990	1110	0	-87.96417	41.74805	1045.3	1165.3
9	0	0	-88.14498	42.22658	990	1110	0	-87.96417	41.74805	1045.3	1165.3
10	0	0	-87.6208	41.88486	820	940	0	-88.13833	42.17237	873.4	993.4
11	0	0	-88.02245	41.75908	1218	1338	0	-88.14498	42.22658	1271	1391
12	0	0	-88.18733	42.11062	990	1110	0	-87.62655	41.90778	1041.5	1161.5
13	0	0	-88.13133	42.11068	370	490	0	-87.61663	41.87773	419.8	539.8
14	0	0	-87.75856	42.05638	800	920	0	-88.32222	41.90353	849.6	969.6
15	0	0	-88.33518	42.16532	727	847	0	-87.75856	42.05638	776.1	896.1
16	0	0	-88.14543	42.05328	310	430	0	-87.61537	41.85908	358.9	478.9
17	0	0	-87.61537	41.85908	855	975	0	-88.14543	42.05328	903.9	1023.9
18	0	0	-87.90557	42.26012	863	983	0	-87.99141	41.83359	911	1031
19	0	0	-87.95069	42.17452	378	498	0	-87.61663	41.87773	421	541
20	0	0	-87.63281	41.87389	843	963	0	-88.15134	41.87903	885.9	1005.9
21	0	0	-88.48433	41.59486	885	1005	0	-87.99321	41.53518	926.4	1046.4
22	0	0	-87.79426	41.83163	940	1060	0	-88.27197	41.76403	980.3	1100.3
23	0	0	-88.27197	41.76403	990	1110	0	-87.79426	41.83163	1030.3	1150.3
24	0	0	-87.87593	42.01723	875	995	0	-88.28917	42.20857	915.2	1035.2
25	0	0	-87.86159	42.18557	835	955	0	-88.10677	41.88093	874.5	994.5
26	0	0	-88.08047	42.01618	661	781	0	-88.20327	41.68083	699.7	819.7
27	0	0	-88.05512	42.03283	980	1100	0	-88.43233	41.84842	1017.3	1137.3
28	0	0	-88.41359	42.28267	1050	1170	0	-88.01698	42.40752	1085.4	1205.4
29	0	0	-87.67706	42.05508	950	1070	0	-88.03543	42.21903	984.7	1104.7
30	0	0	-88.23412	41.73593	530	650	0	-88.08047	42.01618	563.7	683.7
31	0	0	-87.96747	42.04348	426	546	0	-87.6208	41.88486	459.7	579.7
32	0	0	-88.08047	42.01618	352	472	0	-88.23412	41.73593	385.7	505.7
33	0	0	-88.10276	41.61618	780	900	0	-88.2864	41.87973	813	933
34	0	0	-88.11712	41.76543	990	1110	0	-87.7305	41.70583	1022.8	1142.8
35	0	0	-87.7305	41.70583	1260	1380	0	-88.11712	41.76543	1292.8	1412.8
36	0	0	-87.81845	41.86188	1010	1130	0	-87.99752	42.12203	1042.5	1162.5
37	0	0	-87.81877	42.13813	975	1095	0	-87.97586	42.39812	1006.7	1126.7
38	0	0	-87.6657	41.60613	760	880	0	-87.72806	41.88422	791.4	911.4
39	0	0	-87.90792	42.12198	855	975	0	-87.93672	42.39977	886	1006
40	0	0	-88.32093	41.88843	668	788	0	-88.33518	42.16532	698.8	818.8
41	0	0	-87.94717	41.81288	788	908	0	-87.71636	42.02268	818.2	938.2
42	0	0	-87.97862	41.97688	960	1080	0	-88.33444	41.95148	989.6	1109.6
43	0	0	-87.89181	41.74772	885	1005	0	-87.66195	41.54803	914.3	1034.3
44	0	0	-87.905	42.29574	1040	1160	0	-87.86881	42.03597	1069.1	1189.1
45	0	0	-87.73304	42.08683	505	625	0	-87.632	41.84188	533.5	653.5
46	0	0	-87.64155	41.89804	930	1050	0	-87.76786	42.13603	958.5	1078.5
47	0	0	-87.99727	42.09913	755	875	0	-88.02116	41.84633	783.2	903.2
48	0	0	-88.35427	41.91368	358	478	0	-88.05512	42.03283	386.1	506.1
49	0	0	-88.04571	41.61928	960	1080	0	-88.32038	41.76493	988	1108
50	0	0	-87.6208	41.88486	780	900	0	-87.75306	42.11228	807.6	927.6
51	0	0	-88.05464	41.79993	1185	1305	0	-88.33901	41.67931	1212.1	1332.1
52	0	0	-87.97862	41.97688	990	1110	0	-87.92986	41.73753	1016.9	1136.9
53	0	0	-87.94321	41.91898	700	820	0	-87.62024	41.89843	726.8	846.8
54	0	0	-88.32038	41.76493	975	1095	0	-88.00561	41.78268	1001.2	1121.2
55	0	0	-87.73856	42.09893	620	740	0	-87.6208	41.88486	645.7	765.7
56	0	0	-88.30226	41.76864	360	480	0	-88.48433	41.59486	384.5	504.5
57	0	0	-87.90852	41.97868	1170	1290	0	-87.95991	41.76303	1194.4	1314.4
58	0	0	-87.6525	41.89269	917	1037	0	-87.93986	41.89813	940.8	1060.8
59	0	0	-87.61961	41.84199	995	1115	0	-87.78701	42.00953	1018.2	1138.2
60	0	0	-87.87341	41.7805	535	655	0	-87.63922	41.89258	558.1	678.1
61	0	0	-87.73806	41.98288	1140	1260	0	-87.99822	42.05903	1163.1	1283.1
62	0	0	-87.98536	41.70832	740	860	0	-88.23352	41.79233	762.6	882.6
63	0	0	-88.23352	41.79233	695	815	0	-87.98536	41.70832	717.6	837.6
64	0	0	-88.05464	41.79993	553	673	0	-88.32038	41.76493	575.4	695.4
65	0	0	-88.09102	41.86333	930	1050	0	-88.20327	41.68083	952.3	1072.3
66	0	0	-87.74031	41.78952	469	589	0	-87.73721	41.98993	491.3	611.3
67	0	0	-87.64155	41.89804	900	1020	0	-87.86587	41.79492	921.8	1041.8
68	0	0	-87.69786	42.08078	750	870	0	-87.62905	41.89203	771.8	891.8
69	0	0	-87.94321	41.91898	952	1072	0	-87.85061	41.73913	973.4	1093.4
70	0	0	-87.6962	41.83723	707	827	0	-87.94717	41.81288	728	848
71	0	0	-87.74936	41.94228	1040	1160	0	-87.7554	41.75438	1060.9	1180.9
72	0	0	-88.01042	41.91198	518	638	0	-87.99727	42.09913	538.8	658.8
73	0	0	-87.67515	41.87153	927	1047	0	-87.85061	41.73913	947.7	1067.7
74	0	0	-88.34432	41.70293	1020	1140	0	-88.2864	41.87973	1040.2	1160.2
75	0	0	-87.84424	41.77083	1374	1494	0	-87.60385	41.79034	1394.1	1514.1
76	0	0	-88.29308	42.18532	581	701	0	-88.51069	42.11042	600.8	720.8
77	0	0	-88.01189	41.79358	955	1075	0	-87.79666	41.86918	974.7	1094.7
78	0	0	-87.79666	41.86918	385	505	0	-88.01189	41.79358	404.7	524.7
79	0	0	-87.632	41.84188	590	710	0	-87.6343	41.66754	609.4	729.4
80	0	0	-88.16687	41.76818	930	1050	0	-87.94717	41.81288	948.9	1068.9
81	0	0	-87.82622	42.45242	750	870	0	-87.86557	42.28877	768.5	888.5
82	0	0	-88.09971	41.54668	680	800	0	-88.31947	41.54742	698.3	818.3
83	0	0	-87.94717	41.81288	422	542	0	-88.16351	41.78673	440.2	560.2
84	0	0	-88.31947	41.54742	815	935	0	-88.10326	41.52693	833.1	953.1
85	0	0	-88.10326	41.52693	900	1020	0	-88.31947	41.54742	918.1	1038.1
86	0	0	-87.62905	41.89203	880	1000	0	-87.70022	42.04474	898	1018
87	0	0	-88.02431	41.37944	490	610	0	-88.16773	41.50019	508	628
88	0	0	-88.16687	41.76818	881	1001	0	-88.33901	41.67931	898.4	1018.4
89	0	0	-88.28802	41.93353	810	930	0	-88.33992	41.78258	827.3	947.3
90	0	0	-88.33992	41.78258	256	376	0	-88.28802	41.93353	273.3	393.3
91	0	0	-87.99362	42.07443	597	717	0	-87.84836	41.9634	614.2	734.2
92	0	0	-87.93001	41.89478	1140	1260	0	-88.12302	41.84228	1157	1277
93	0	0	-87.64368	41.89249	825	945	0	-87.79336	41.99373	841.7	961.7
94	0	0	-87.7375	41.69658	855	975	0	-87.92986	41.73753	871.6	991.6
95	0	0	-87.92986	41.73753	653	773	0	-87.7375	41.69658	669.6	789.6
96	0	0	-88.4125	41.3766	615	735	0	-88.2944	41.25825	631.5	751.5
97	0	0	-87.87701	42.17102	900	1020	0	-88.03706	42.25514	916.2	1036.2
98	0	0	-88.13667	42.03598	660	780	0	-88.32082	42.08492	676.1	796.1
99	0	0	-88.31465	42.29472	850	970	0	-88.14498	42.22658	865.9	985.9
100	0	0	-87.87178	41.90008	945	1065	0	-87.7464	42.00608	960.7	1080.7
101	0	0	-87.71636	42.02268	539	659	0	-87.68165	41.88593	554.5	674.5
102	0	0	-87.71636	42.02268	300	420	0	-87.68165	41.88593	315.5	435.5
103	0	0	-87.68165	41.88593	362	482	0	-87.71636	42.02268	377.5	497.5
104	0	0	-87.93991	41.84633	930	1050	0	-88.12432	41.82653	945.4	1065.4
105	0	0	-88.36272	41.79527	675	795	0	-88.18272	41.76293	690.4	810.4
106	0	0	-87.71856	41.97768	750	870	0	-87.87178	41.90008	765.3	885.3
107	0	0	-87.67515	41.87153	1170	1290	0	-87.7554	41.75438	1184.6	1304.6
108	0	0	-87.7554	41.75438	1080	1200	0	-87.67515	41.87153	1094.6	1214.6
109	0	0	-88.05464	41.79993	870	990	0	-88.11696	41.68008	884.3	1004.3
110	0	0	-87.77431	41.83078	517	637	0	-87.82746	41.95208	531.2	651.2
111	0	0	-87.619	41.72548	600	720	0	-87.56619	41.60383	614.2	734.2
112	0	0	-87.82746	41.95208	480	600	0	-87.77431	41.83078	494.2	614.2
113	0	0	-87.83877	42.16033	915	1035	0	-87.86881	42.03597	929.1	1049.1
114	0	0	-88.14543	42.05328	566	686	0	-88.01062	41.97552	580.1	700.1
115	0	0	-87.68401	41.96333	1142	1262	0	-87.79666	41.86918	1156	1276
116	0	0	-87.79666	41.86918	1001	1121	0	-87.68401	41.96333	1015	1135
117	0	0	-87.97586	42.39812	610	730	0	-87.82622	42.45242	623.7	743.7
118	0	0	-87.93986	41.89813	971	1091	0	-87.7806	41.87633	984.4	1104.4
119	0	0	-87.6407	41.86949	870	990	0	-87.59041	41.75527	883.4	1003.4
120	0	0	-87.84781	42.03253	1050	1170	0	-87.68798	42.04676	1063.3	1183.3
121	0	0	-87.66577	41.65546	1025	1145	0	-87.81835	41.68913	1038.2	1158.2
122	0	0	-87.95991	41.76303	820	940	0	-88.11712	41.76543	833	953
123	0	0	-88.19702	41.79558	984	1104	0	-88.20327	41.68083	996.8	1116.8
124	0	0	-87.72806	41.88422	870	990	0	-87.75871	41.99533	882.6	1002.6
125	0	0	-87.79132	42.18517	905	1025	0	-87.90557	42.26012	917.6	1037.6
126	0	0	-87.79696	41.96268	810	930	0	-87.65944	42.00552	822.3	942.3
127	0	0	-87.94717	41.81288	976	1096	0	-88.09162	41.83683	988.3	1108.3
128	0	0	-88.02633	42.35664	895	1015	0	-87.905	42.29574	907.1	1027.1
129	0	0	-88.41359	42.28267	810	930	0	-88.26836	42.28477	822	942
130	0	0	-87.75261	41.96053	810	930	0	-87.64368	41.89249	821.8	941.8
131	0	0	-88.03347	42.17547	630	750	0	-87.99362	42.07443	641.7	761.7
132	0	0	-87.94328	42.35314	690	810	0	-87.90709	42.45357	701.6	821.6
133	0	0	-87.79131	41.89511	401	521	0	-87.6525	41.89269	412.5	532.5
134	0	0	-87.91742	42.16803	1065	1185	0	-88.03543	42.21903	1076.3	1196.3
135	0	0	-88.07178	42.14213	391	511	0	-88.14498	42.22658	402.2	522.2
136	0	0	-88.07178	42.14213	840	960	0	-88.14498	42.22658	851.2	971.2
137	0	0	-88.3198	41.78323	975	1095	0	-88.2864	41.87973	986.1	1106.1
138	0	0	-87.81272	42.18952	550	670	0	-87.90557	42.26012	561	681
139	0	0	-87.70022	42.04474	905	1025	0	-87.79176	42.11608	916	1036
140	0	0	-88.32222	41.90353	845	965	0	-88.43233	41.84842	856	976
141	0	0	-87.6749	41.86293	930	1050	0	-87.74936	41.94228	940.8	1060.8
142	0	0	-88.09893	42.42968	708	828	0	-87.97586	42.39812	718.7	838.7
143	0	0	-87.84424	41.77083	730	850	0	-87.9727	41.78095	740.7	860.7
144	0	0	-87.98992	42.08538	543	663	0	-88.03347	42.17547	553.6	673.6
145	0	0	-88.05509	42.46072	710	830	0	-88.18261	42.44853	720.6	840.6
146	0	0	-88.18733	42.11062	850	970	0	-88.15318	42.20148	860.5	980.5
147	0	0	-87.7806	41.87633	421	541	0	-87.654	41.87298	431.5	551.5
148	0	0	-87.654	41.87298	810	930	0	-87.7806	41.87633	820.5	940.5
149	0	0	-87.99141	41.83359	934	1054	0	-87.94321	41.91898	944.3	1064.3
150	0	0	-88.32093	41.88843	1171	1291	0	-88.43233	41.84842	1181.2	1301.2
151	0	0	-88.32093	41.88843	1105	1225	0	-88.43233	41.84842	1115.2	1235.2
152	0	0	-88.43233	41.84842	840	960	0	-88.32093	41.88843	850.2	970.2
153	0	0	-88.32093	41.88843	735	855	0	-88.43233	41.84842	745.2	865.2
154	0	0	-88.43233	41.84842	1084	1204	0	-88.32093	41.88843	1094.2	1214.2
155	0	0	-87.71946	42.00627	535	655	0	-87.6385	41.93948	545	665
156	0	0	-88.33367	41.34314	1190	1310	0	-88.2944	41.25825	1200	1320
157	0	0	-88.2944	41.25825	1020	1140	0	-88.33367	41.34314	1030	1150
158	0	0	-88.0123	41.80918	1280	1400	0	-88.11712	41.76543	1290	1410
159	0	0	-87.72766	42.10958	870	990	0	-87.79132	42.18517	879.9	999.9
160	0	0	-87.59897	41.79042	458	578	0	-87.61663	41.87773	467.8	587.8
161	0	0	-87.79176	42.11608	990	1110	0	-87.70296	42.05823	999.8	1119.8
162	0	0	-88.12471	41.78203	1260	1380	0	-88.0123	41.80918	1269.8	1389.8
163	0	0	-87.75306	42.11228	860	980	0	-87.86787	42.13093	869.7	989.7
164	0	0	-87.84424	41.77083	400	520	0	-87.88006	41.68823	409.7	529.7
165	0	0	-88.01027	41.93968	718	838	0	-88.01272	42.02523	727.5	847.5
166	0	0	-88.01272	42.02523	802	922	0	-88.01027	41.93968	811.5	931.5
167	0	0	-87.65599	41.91433	985	1105	0	-87.75261	41.96053	994.5	1114.5
168	0	0	-88.05497	42.05213	870	990	0	-88.16007	42.01878	879.4	999.4
169	0	0	-87.6398	41.94423	430	550	0	-87.69986	42.01561	439.4	559.4
170	0	0	-88.20327	41.68083	748	868	0	-88.18272	41.76293	757.3	877.3
171	0	0	-88.08878	42.18838	1020	1140	0	-88.13133	42.11068	1029.3	1149.3
172	0	0	-88.21969	41.76139	1010	1130	0	-88.20327	41.68083	1019.1	1139.1
173	0	0	-87.87701	42.17102	1050	1170	0	-87.98147	42.14337	1059.1	1179.1
174	0	0	-88.51069	42.11042	780	900	0	-88.41606	42.06853	789.1	909.1
175	0	0	-88.51069	42.11042	615	735	0	-88.41606	42.06853	624.1	744.1
176	0	0	-87.91331	41.80392	1080	1200	0	-88.01373	41.77338	1089	1209
177	0	0	-88.01373	41.77338	990	1110	0	-87.91331	41.80392	999	1119
178	0	0	-87.65155	41.67413	870	990	0	-87.55968	41.71283	878.8	998.8
179	0	0	-87.65944	42.00552	841	961	0	-87.76551	42.01488	849.8	969.8
180	0	0	-87.55968	41.71283	1060	1180	0	-87.65155	41.67413	1068.8	1188.8
181	0	0	-87.89811	41.81163	510	630	0	-87.92986	41.73753	518.7	638.7
182	0	0	-87.92986	41.73753	563	683	0	-87.89811	41.81163	571.7	691.7
183	0	0	-87.9042	42.34347	645	765	0	-87.97586	42.39812	653.5	773.5
184	0	0	-88.20327	41.68083	991	1111	0	-88.24769	41.7497	999.5	1119.5
185	0	0	-87.81272	42.18952	810	930	0	-87.79176	42.11608	818.4	938.4
186	0	0	-87.79176	42.11608	720	840	0	-87.81272	42.18952	728.4	848.4
187	0	0	-87.67126	41.92083	440	560	0	-87.61537	41.85908	448.3	568.3
188	0	0	-87.78135	41.61704	630	750	0	-87.86635	41.57903	638.2	758.2
189	0	0	-88.16351	41.78673	990	1110	0	-88.09162	41.83683	998.2	1118.2
190	0	0	-87.61663	41.87773	478	598	0	-87.59439	41.80603	486.2	606.2
191	0	0	-87.90557	42.26012	961	1081	0	-87.97409	42.20932	969	1089
192	0	0	-87.90852	41.97868	1185	1305	0	-87.81546	41.99972	1193	1313
193	0	0	-87.97409	42.20932	415	535	0	-87.90557	42.26012	423	543
194	0	0	-88.03427	41.88168	1138	1258	0	-88.12877	41.86924	1145.9	1265.9
195	0	0	-88.12877	41.86924	963	1083	0	-88.03427	41.88168	970.9	1090.9
196	0	0	-87.71636	42.02268	885	1005	0	-87.76176	41.96038	892.9	1012.9
197	0	0	-87.75619	42.01863	435	555	0	-87.73304	42.08683	442.8	562.8
198	0	0	-87.79176	42.11608	950	1070	0	-87.71314	42.07685	957.8	1077.8
199	0	0	-87.84002	42.10193	930	1050	0	-87.86881	42.03597	937.7	1057.7
200	0	0	-88.23037	41.61465	645	765	0	-88.20327	41.68083	652.7	772.7
201	0	0	-88.34434	42.05339	1120	1240	0	-88.29013	42.00048	1127.4	1247.4
202	0	0	-88.34434	42.05339	900	1020	0	-88.29013	42.00048	907.4	1027.4
203	0	0	-88.29013	42.00048	1080	1200	0	-88.34434	42.05339	1087.4	1207.4
204	0	0	-88.33901	41.67931	900	1020	0	-88.3246	41.74376	907.3	1027.3
205	0	0	-87.6343	41.66754	675	795	0	-87.6657	41.60613	682.3	802.3
206	0	0	-87.82181	41.97743	1110	1230	0	-87.90852	41.97868	1117.2	1237.2
207	0	0	-87.99822	42.05903	1215	1335	0	-87.91857	42.08408	1222.1	1342.1
208	0	0	-87.62923	41.90033	1090	1210	0	-87.71046	41.92098	1097.1	1217.1
209	0	0	-87.94717	41.81288	450	570	0	-88.01373	41.77338	457.1	577.1
210	0	0	-87.89181	41.74772	450	570	0	-87.89811	41.81163	457.1	577.1
211	0	0	-87.61537	41.85908	570	690	0	-87.65599	41.91433	577	697
212	0	0	-88.13833	42.17237	370	490	0	-88.13133	42.11068	376.9	496.9
213	0	0	-87.85526	41.91853	1110	1230	0	-87.79566	41.87598	1116.8	1236.8
214	0	0	-87.78935	41.88329	820	940	0	-87.85526	41.91853	826.7	946.7
215	0	0	-87.82622	42.45242	1328	1448	0	-87.90709	42.45357	1334.6	1454.6
216	0	0	-87.90709	42.45357	1305	1425	0	-87.82622	42.45242	1311.6	1431.6
217	0	0	-88.23412	41.73593	980	1100	0	-88.20327	41.68083	986.6	1106.6
218	0	0	-88.20327	41.68083	710	830	0	-88.23412	41.73593	716.6	836.6
219	0	0	-88.29645	42.12609	554	674	0	-88.29308	42.18532	560.6	680.6
220	0	0	-87.94642	42.09868	840	960	0	-88.01862	42.07488	846.5	966.5
221	0	0	-88.11681	41.54438	461	581	0	-88.16773	41.50019	467.5	587.5
222	0	0	-88.01862	42.07488	960	1080	0	-87.94642	42.09868	966.5	1086.5
223	0	0	-87.96038	42.45452	587	707	0	-87.97586	42.39812	593.4	713.4
224	0	0	-88.13833	42.17237	820	940	0	-88.07178	42.14213	826.4	946.4
225	0	0	-88.05097	41.87143	740	860	0	-88.12877	41.86924	746.4	866.4
226	0	0	-88.05146	41.56803	900	1020	0	-88.10326	41.52693	906.3	1026.3
227	0	0	-87.90709	42.45357	740	860	0	-87.83337	42.44082	746.2	866.2
228	0	0	-87.97586	42.39812	653	773	0	-88.02633	42.35664	659.2	779.2
229	0	0	-87.88006	41.68823	530	650	0	-87.85061	41.73913	536.2	656.2
230	0	0	-87.95676	41.79945	1190	1310	0	-88.02326	41.77648	1196.1	1316.1
231	0	0	-88.16773	41.50019	605	725	0	-88.11311	41.53653	611.1	731.1
232	0	0	-88.14498	42.22658	795	915	0	-88.13833	42.17237	801.1	921.1
233	0	0	-87.73216	41.85523	930	1050	0	-87.71078	41.90655	936	1056
234	0	0	-88.13133	42.11068	380	500	0	-88.07178	42.14213	386	506
235	0	0	-87.95642	42.22292	1110	1230	0	-87.90557	42.26012	1115.9	1235.9
236	0	0	-87.90557	42.26012	1055	1175	0	-87.95642	42.22292	1060.9	1180.9
237	0	0	-88.01189	41.79358	727	847	0	-87.94717	41.81288	732.8	852.8
238	0	0	-88.01189	41.79358	400	520	0	-87.94717	41.81288	405.8	525.8
239	0	0	-87.94717	41.81288	788	908	0	-88.01189	41.79358	793.8	913.8
240	0	0	-87.97586	42.39812	625	745	0	-87.94328	42.35314	630.7	750.7
241	0	0	-88.17577	41.88073	885	1005	0	-88.10677	41.88093	890.7	1010.7
242	0	0	-87.83862	42.45522	783	903	0	-87.90709	42.45357	788.6	908.6
243	0	0	-88.15318	42.20148	1095	1215	0	-88.08878	42.18838	1100.5	1220.5
244	0	0	-87.68165	41.88593	640	760	0	-87.6962	41.83723	645.5	765.5
245	0	0	-87.63235	41.68158	570	690	0	-87.69495	41.66458	575.5	695.5
246	0	0	-87.86635	41.57903	655	775	0	-87.82391	41.61653	660.5	780.5
247	0	0	-88.08878	42.18838	1200	1320	0	-88.15318	42.20148	1205.5	1325.5
248	0	0	-88.05146	41.56803	660	780	0	-88.08061	41.52493	665.4	785.4
249	0	0	-88.13238	41.5732	460	580	0	-88.10276	41.61618	465.4	585.4
250	0	0	-88.10276	41.61618	785	905	0	-88.13238	41.5732	790.4	910.4
251	0	0	-88.14487	42.34983	1020	1140	0	-88.16503	42.39647	1025.4	1145.4
252	0	0	-88.08061	41.52493	675	795	0	-88.05146	41.56803	680.4	800.4
253	0	0	-87.97409	42.20932	1005	1125	0	-87.96232	42.16257	1010.3	1130.3
254	0	0	-88.18272	41.76293	750	870	0	-88.23352	41.79233	755.3	875.3
255	0	0	-88.18272	41.76293	1150	1270	0	-88.23412	41.73593	1155.2	1275.2
256	0	0	-88.18272	41.76293	820	940	0	-88.23412	41.73593	825.2	945.2
257	0	0	-87.59041	41.75527	945	1065	0	-87.586	41.80108	950.1	1070.1
258	0	0	-88.16071	41.54369	930	1050	0	-88.10326	41.52693	935.1	1055.1
259	0	0	-87.85066	41.89483	720	840	0	-87.90496	41.91413	725	845
260	0	0	-87.79336	41.99373	875	995	0	-87.75261	41.96053	880	1000
261	0	0	-87.85066	41.89483	885	1005	0	-87.90496	41.91413	890	1010
262	0	0	-87.90496	41.91413	780	900	0	-87.85066	41.89483	785	905
263	0	0	-87.69495	41.66458	590	710	0	-87.6343	41.66754	595	715
264	0	0	-87.96417	41.74805	1195	1315	0	-88.02245	41.75908	1200	1320
265	0	0	-87.96417	41.74805	1195	1315	0	-88.02245	41.75908	1200	1320
266	0	0	-87.88081	41.80668	593	713	0	-87.84424	41.77083	598	718
267	0	0	-87.87341	41.7805	1317	1437	0	-87.85061	41.73913	1322	1442
268	0	0	-88.27197	41.76403	840	960	0	-88.3246	41.74376	844.9	964.9
269	0	0	-87.75619	42.01863	904	1024	0	-87.69973	42.02641	908.7	1028.7
270	0	0	-88.34411	42.01383	900	1020	0	-88.29013	42.00048	904.7	1024.7
271	0	0	-88.23784	42.45587	280	400	0	-88.18261	42.44853	284.6	404.6
272	0	0	-88.18261	42.44853	420	540	0	-88.23784	42.45587	424.6	544.6
273	0	0	-88.01189	41.79358	1101	1221	0	-87.95676	41.79945	1105.6	1225.6
274	0	0	-87.92687	42.37858	600	720	0	-87.97586	42.39812	604.6	724.6
275	0	0	-88.18261	42.44853	810	930	0	-88.23784	42.45587	814.6	934.6
276	0	0	-88.21776	41.53233	624	744	0	-88.2101	41.57233	628.5	748.5
277	0	0	-88.33992	41.87293	660	780	0	-88.2864	41.87973	664.5	784.5
278	0	0	-87.73304	42.08683	917	1037	0	-87.68843	42.06368	921.5	1041.5
279	0	0	-88.2864	41.87973	765	885	0	-88.33992	41.87293	769.5	889.5
280	0	0	-88.13833	42.17237	930	1050	0	-88.08878	42.18838	934.5	1054.5
281	0	0	-88.33992	41.87293	900	1020	0	-88.2864	41.87973	904.5	1024.5
282	0	0	-88.11065	41.6985	660	780	0	-88.05795	41.69235	664.4	784.4
283	0	0	-88.00861	41.84698	665	785	0	-88.05097	41.87143	669.4	789.4
284	0	0	-87.82116	41.93163	625	745	0	-87.82681	41.97088	629.4	749.4
285	0	0	-87.82681	41.97088	930	1050	0	-87.82116	41.93163	934.4	1054.4
286	0	0	-88.3198	41.78323	1005	1125	0	-88.3246	41.74376	1009.4	1129.4
287	0	0	-88.11012	41.86383	580	700	0	-88.12432	41.82653	584.3	704.3
288	0	0	-87.67126	41.92083	1065	1185	0	-87.62923	41.90033	1069.2	1189.2
289	0	0	-87.92986	41.73753	528	648	0	-87.93196	41.77508	532.2	652.2
290	0	0	-87.95676	41.79945	484	604	0	-87.95991	41.76303	488.1	608.1
291	0	0	-87.92797	42.36322	740	860	0	-87.93672	42.39977	744.1	864.1
292	0	0	-87.95991	41.76303	620	740	0	-87.95676	41.79945	624.1	744.1
293	0	0	-88.33032	41.71571	855	975	0	-88.33901	41.67931	859.1	979.1
294	0	0	-87.95676	41.79945	635	755	0	-87.95991	41.76303	639.1	759.1
295	0	0	-87.95991	41.76303	830	950	0	-87.95676	41.79945	834.1	954.1
296	0	0	-87.61663	41.87773	479	599	0	-87.61961	41.84199	483	603
297	0	0	-88.01062	41.97552	701	821	0	-88.01027	41.93968	705	825
298	0	0	-88.31465	42.29472	960	1080	0	-88.26836	42.28477	964	1084
299	0	0	-88.10276	41.61618	390	510	0	-88.09916	41.58047	394	514
300	0	0	-88.09916	41.58047	615	735	0	-88.10276	41.61618	619	739
301	0	0	-88.14543	42.05328	620	740	0	-88.16007	42.01878	624	744
302	0	0	-88.14543	42.05328	950	1070	0	-88.16007	42.01878	954	1074
303	0	0	-88.01027	41.93968	836	956	0	-88.01062	41.97552	840	960
304	0	0	-87.7464	42.00608	1030	1150	0	-87.71856	41.97768	1033.9	1153.9
305	0	0	-87.71856	41.97768	1260	1380	0	-87.7464	42.00608	1263.9	1383.9
306	0	0	-87.7464	42.00608	590	710	0	-87.71856	41.97768	593.9	713.9
307	0	0	-87.94827	41.95318	690	810	0	-87.94321	41.91898	693.8	813.8
308	0	0	-87.86112	42.25992	810	930	0	-87.90557	42.26012	813.7	933.7
309	0	0	-88.15134	41.87903	915	1035	0	-88.10677	41.88093	918.7	1038.7
310	0	0	-87.90557	42.26012	735	855	0	-87.86112	42.25992	738.7	858.7
311	0	0	-87.81877	42.13813	765	885	0	-87.86137	42.14558	768.6	888.6
312	0	0	-87.86137	42.14558	750	870	0	-87.81877	42.13813	753.6	873.6
313	0	0	-87.85061	41.73913	1335	1455	0	-87.84424	41.77083	1338.6	1458.6
314	0	0	-87.85061	41.73913	1335	1455	0	-87.84424	41.77083	1338.6	1458.6
315	0	0	-87.75856	42.05638	1020	1140	0	-87.78621	42.03218	1023.5	1143.5
316	0	0	-87.85061	41.73913	720	840	0	-87.89181	41.74772	723.5	843.5
317	0	0	-87.82611	42.03298	366	486	0	-87.86881	42.03597	369.5	489.5
318	0	0	-87.82611	42.03298	1210	1330	0	-87.86881	42.03597	1213.5	1333.5
319	0	0	-87.86881	42.03597	1020	1140	0	-87.82611	42.03298	1023.5	1143.5
320	0	0	-87.89181	41.74772	765	885	0	-87.85061	41.73913	768.5	888.5
321	0	0	-87.92986	41.73753	555	675	0	-87.89181	41.74772	558.4	678.4
322	0	0	-87.78701	42.00953	1100	1220	0	-87.7464	42.00608	1103.4	1223.4
323	0	0	-88.29013	42.00048	887	1007	0	-88.25502	42.01598	890.4	1010.4
324	0	0	-87.89181	41.74772	585	705	0	-87.92986	41.73753	588.4	708.4
325	0	0	-88.09162	41.83683	530	650	0	-88.11012	41.86383	533.4	653.4
326	0	0	-87.86557	42.28877	825	945	0	-87.905	42.29574	828.3	948.3
327	0	0	-87.89811	41.81163	571	691	0	-87.86587	41.79492	574.3	694.3
328	0	0	-87.82746	41.95208	666	786	0	-87.83746	41.92408	669.2	789.2
329	0	0	-87.83746	41.92408	690	810	0	-87.82746	41.95208	693.2	813.2
330	0	0	-88.30226	41.76864	30	150	0	-88.33984	41.76578	33.1	153.1
331	0	0	-88.04971	41.71983	765	885	0	-88.05795	41.69235	768.1	888.1
332	0	0	-87.92986	41.73753	1105	1225	0	-87.96417	41.74805	1108.1	1228.1
333	0	0	-87.87701	42.17102	615	735	0	-87.86137	42.14558	618.1	738.1
334	0	0	-87.90892	42.09848	353	473	0	-87.94642	42.09868	356.1	476.1
335	0	0	-88.21969	41.76139	1080	1200	0	-88.18272	41.76293	1083.1	1203.1
336	0	0	-88.23412	41.73593	940	1060	0	-88.21969	41.76139	943.1	1063.1
337	0	0	-87.81877	42.13813	685	805	0	-87.83877	42.16033	688	808
338	0	0	-87.7806	41.87633	890	1010	0	-87.81636	41.87598	893	1013
339	0	0	-87.81636	41.87598	960	1080	0	-87.7806	41.87633	963	1083
340	0	0	-87.83877	42.16033	665	785	0	-87.81877	42.13813	668	788
341	0	0	-88.12432	41.82653	1155	1275	0	-88.09162	41.83683	1157.9	1277.9
342	0	0	-88.09162	41.83683	650	770	0	-88.12432	41.82653	652.9	772.9
343	0	0	-87.68826	42.05813	1160	1280	0	-87.71314	42.07685	1162.9	1282.9
344	0	0	-88.09162	41.83683	1225	1345	0	-88.12432	41.82653	1227.9	1347.9
345	0	0	-88.12432	41.82653	590	710	0	-88.09162	41.83683	592.9	712.9
346	0	0	-87.72534	41.69678	615	735	0	-87.73115	41.72198	617.8	737.8
347	0	0	-87.76176	41.96038	927	1047	0	-87.76131	41.93483	929.8	1049.8
348	0	0	-87.78701	42.00953	600	720	0	-87.75871	41.99533	602.8	722.8
349	0	0	-87.94642	42.09868	1000	1120	0	-87.91857	42.08408	1002.8	1122.8
350	0	0	-87.63235	41.68158	712	832	0	-87.65975	41.66663	714.8	834.8
351	0	0	-87.73115	41.72198	635	755	0	-87.6992	41.71903	637.7	757.7
352	0	0	-87.93196	41.77508	554	674	0	-87.95991	41.76303	556.7	676.7
353	0	0	-87.66467	41.50615	461	581	0	-87.6938	41.51603	463.7	583.7
354	0	0	-87.81936	41.88668	753	873	0	-87.79666	41.86918	755.7	875.7
355	0	0	-87.63835	41.72516	667	787	0	-87.65065	41.70318	669.6	789.6
356	0	0	-87.78621	42.03218	1200	1320	0	-87.76551	42.01488	1202.6	1322.6
357	0	0	-87.68843	42.06368	1020	1140	0	-87.71314	42.07685	1022.5	1142.5
358	0	0	-87.70296	42.05823	650	770	0	-87.69786	42.08078	652.5	772.5
359	0	0	-88.07869	41.70823	670	790	0	-88.05795	41.69235	672.5	792.5
360	0	0	-87.9727	41.78095	452	572	0	-87.95676	41.79945	454.4	574.4
361	0	0	-87.6385	41.93948	655	775	0	-87.65315	41.95829	657.4	777.4
362	0	0	-87.95676	41.79945	852	972	0	-87.9727	41.78095	854.4	974.4
363	0	0	-88.12987	41.88003	1010	1130	0	-88.11012	41.86383	1012.4	1132.4
364	0	0	-87.65315	41.95829	885	1005	0	-87.6385	41.93948	887.4	1007.4
365	0	0	-88.3246	41.74376	940	1060	0	-88.32038	41.76493	942.4	1062.4
366	0	0	-87.6938	41.51603	483	603	0	-87.66479	41.51698	485.4	605.4
367	0	0	-87.9727	41.78095	798	918	0	-87.95991	41.76303	800.3	920.3
368	0	0	-87.73721	41.98993	615	735	0	-87.71946	42.00627	617.3	737.3
369	0	0	-87.73721	41.98993	570	690	0	-87.71946	42.00627	572.3	692.3
370	0	0	-87.9727	41.78095	995	1115	0	-87.95991	41.76303	997.3	1117.3
371	0	0	-88.34732	41.73418	830	950	0	-88.3246	41.74376	832.2	952.2
372	0	0	-88.34732	41.73418	649	769	0	-88.3246	41.74376	651.2	771.2
373	0	0	-88.3246	41.74376	675	795	0	-88.29892	41.74104	677.2	797.2
374	0	0	-88.01467	42.13672	1095	1215	0	-87.99752	42.12203	1097.2	1217.2
375	0	0	-88.3246	41.74376	810	930	0	-88.34732	41.73418	812.2	932.2
376	0	0	-88.3246	41.74376	1170	1290	0	-88.29892	41.74104	1172.2	1292.2
377	0	0	-87.99752	42.12203	1080	1200	0	-88.01467	42.13672	1082.2	1202.2
378	0	0	-88.01467	42.13672	390	510	0	-87.99752	42.12203	392.2	512.2
379	0	0	-88.29892	41.74104	695	815	0	-88.3246	41.74376	697.2	817.2
380	0	0	-87.66195	41.54803	916	1036	0	-87.66475	41.56813	918.2	1038.2
381	0	0	-87.66475	41.56813	975	1095	0	-87.66195	41.54803	977.2	1097.2
382	0	0	-88.01657	42.08168	950	1070	0	-87.99362	42.07443	952.1	1072.1
383	0	0	-88.02326	41.77648	1095	1215	0	-88.01189	41.79358	1097.1	1217.1
384	0	0	-87.99362	42.07443	900	1020	0	-88.01657	42.08168	902.1	1022.1
385	0	0	-88.16351	41.78673	635	755	0	-88.16687	41.76818	637.1	757.1
386	0	0	-87.84836	41.9634	825	945	0	-87.82681	41.97088	827	947
387	0	0	-87.75261	41.96053	980	1100	0	-87.77171	41.94938	982	1102
388	0	0	-87.63445	41.92248	930	1050	0	-87.65599	41.91433	932	1052
389	0	0	-87.82681	41.97088	780	900	0	-87.84836	41.9634	782	902
390	0	0	-87.77171	41.94938	1040	1160	0	-87.75261	41.96053	1042	1162
391	0	0	-88.11712	41.76543	960	1080	0	-88.12471	41.78203	962	1082
392	0	0	-87.67916	42.04668	492	612	0	-87.68843	42.06368	494	614
393	0	0	-87.69986	42.01561	455	575	0	-87.71946	42.00627	456.9	576.9
394	0	0	-87.76551	42.01488	960	1080	0	-87.78701	42.00953	961.9	1081.9
395	0	0	-88.12987	41.88003	1080	1200	0	-88.10677	41.88093	1081.9	1201.9
396	0	0	-88.10677	41.88093	950	1070	0	-88.12987	41.88003	951.9	1071.9
397	0	0	-87.6528	41.68861	700	820	0	-87.63235	41.68158	701.9	821.9
398	0	0	-87.84781	42.03253	715	835	0	-87.8367	42.04728	716.9	836.9
399	0	0	-88.04371	41.84543	1223	1343	0	-88.02116	41.84633	1224.9	1344.9
400	0	0	-88.3246	41.74376	990	1110	0	-88.33814	41.75773	991.9	1111.9
401	0	0	-88.10677	41.88093	965	1085	0	-88.12987	41.88003	966.9	1086.9
402	0	0	-88.33814	41.75773	1065	1185	0	-88.3246	41.74376	1066.9	1186.9
403	0	0	-88.24769	41.7497	1011	1131	0	-88.23412	41.73593	1012.9	1132.9
404	0	0	-87.78701	42.00953	995	1115	0	-87.76551	42.01488	996.9	1116.9
405	0	0	-88.11012	41.86383	1070	1190	0	-88.10677	41.88093	1071.9	1191.9
406	0	0	-87.98021	41.87643	820	940	0	-88.00066	41.88253	821.8	941.8
407	0	0	-87.86587	41.79492	578	698	0	-87.88081	41.80668	579.8	699.8
408	0	0	-87.86881	42.03597	620	740	0	-87.84781	42.03253	621.8	741.8
409	0	0	-87.82666	41.95958	803	923	0	-87.84836	41.9634	804.8	924.8
410	0	0	-87.86881	42.03597	855	975	0	-87.84781	42.03253	856.8	976.8
411	0	0	-87.84781	42.03253	880	1000	0	-87.86881	42.03597	881.8	1001.8
412	0	0	-87.86881	42.03597	380	500	0	-87.84781	42.03253	381.8	501.8
413	0	0	-87.84781	42.03253	475	595	0	-87.86881	42.03597	476.8	596.8
414	0	0	-87.59439	41.80603	770	890	0	-87.59897	41.79042	771.8	891.8
415	0	0	-87.59897	41.79042	785	905	0	-87.59439	41.80603	786.8	906.8
416	0	0	-87.59897	41.79042	458	578	0	-87.59439	41.80603	459.8	579.8
417	0	0	-87.97066	41.88258	614	734	0	-87.97567	41.89758	615.7	735.7
418	0	0	-87.97066	41.88258	443	563	0	-87.97567	41.89758	444.7	564.7
419	0	0	-87.97066	41.88258	860	980	0	-87.97567	41.89758	861.7	981.7
420	0	0	-87.97066	41.88258	320	440	0	-87.97567	41.89758	321.7	441.7
421	0	0	-87.97567	41.89758	840	960	0	-87.97066	41.88258	841.7	961.7
422	0	0	-87.97567	41.89758	307	427	0	-87.97066	41.88258	308.7	428.7
423	0	0	-88.32093	41.88843	660	780	0	-88.32222	41.90353	661.7	781.7
424	0	0	-88.33992	41.78258	851	971	0	-88.3198	41.78323	852.7	972.7
425	0	0	-87.97567	41.89758	435	555	0	-87.97066	41.88258	436.7	556.7
426	0	0	-87.97567	41.89758	600	720	0	-87.97066	41.88258	601.7	721.7
427	0	0	-88.32222	41.90353	685	805	0	-88.32093	41.88843	686.7	806.7
428	0	0	-87.83337	42.44082	770	890	0	-87.83862	42.45522	771.7	891.7
429	0	0	-88.11311	41.53653	630	750	0	-88.09971	41.54668	631.6	751.6
430	0	0	-87.85761	41.90413	685	805	0	-87.83806	41.90288	686.6	806.6
431	0	0	-87.63281	41.87389	615	735	0	-87.6208	41.88486	616.6	736.6
432	0	0	-87.75581	42.03345	897	1017	0	-87.75619	42.01863	898.6	1018.6
433	0	0	-87.75619	42.01863	647	767	0	-87.75581	42.03345	648.6	768.6
434	0	0	-88.00561	41.78268	1037	1157	0	-88.02326	41.77648	1038.6	1158.6
435	0	0	-87.586	41.80108	450	570	0	-87.59897	41.79042	451.6	571.6
436	0	0	-87.65065	41.70318	685	805	0	-87.6528	41.68861	686.6	806.6
437	0	0	-87.586	41.80108	450	570	0	-87.59897	41.79042	451.6	571.6
438	0	0	-87.70022	42.04474	471	591	0	-87.70296	42.05823	472.5	592.5
439	0	0	-87.65599	41.91433	600	720	0	-87.67126	41.92083	601.5	721.5
440	0	0	-88.18272	41.76293	790	910	0	-88.16687	41.76818	791.4	911.4
441	0	0	-88.10677	41.88093	995	1115	0	-88.09092	41.87719	996.4	1116.4
442	0	0	-88.10677	41.88093	905	1025	0	-88.09092	41.87719	906.4	1026.4
443	0	0	-87.83806	41.90288	703	823	0	-87.85066	41.89483	704.4	824.4
444	0	0	-87.75581	42.03345	657	777	0	-87.74021	42.02798	658.4	778.4
445	0	0	-87.74021	42.02798	855	975	0	-87.75581	42.03345	856.4	976.4
446	0	0	-87.82912	42.20897	945	1065	0	-87.81217	42.20722	946.4	1066.4
447	0	0	-87.64401	41.95008	655	775	0	-87.65315	41.95829	656.2	776.2
448	0	0	-88.12987	41.88003	941	1061	0	-88.12877	41.86924	942.2	1062.2
449	0	0	-87.66479	41.51698	446	566	0	-87.66467	41.50615	447.2	567.2
450	427	0	-87.66467	41.50615	427	547	0	-87.66479	41.51698	428.2	548.2
451	949	0	-87.66479	41.51698	949	1069	0	-87.66467	41.50615	950.2	1070.2
452	991	0	-87.66467	41.50615	991	1111	0	-87.66479	41.51698	992.2	1112.2
453	645	0	-87.6749	41.86293	645	765	0	-87.66405	41.86918	646.1	766.1
454	740	0	-87.65975	41.66663	740	860	0	-87.65155	41.67413	741.1	861.1
455	903	0	-87.78935	41.88329	903	1023	0	-87.78219	41.89163	904.1	1024.1
456	720	0	-87.66405	41.86918	720	840	0	-87.6749	41.86293	721.1	841.1
457	480	0	-87.82116	41.93163	480	600	0	-87.82221	41.94143	481.1	601.1
458	540	0	-87.82221	41.94143	540	660	0	-87.82116	41.93163	541.1	661.1
459	645	0	-87.6992	41.71903	645	765	0	-87.7128	41.71983	646.1	766.1
460	780	0	-87.62024	41.89843	780	900	0	-87.61155	41.89263	781	901
461	916	0	-87.86787	42.13093	916	1036	0	-87.86847	42.12198	917	1037
462	455	0	-88.11311	41.53653	455	575	0	-88.11681	41.54438	455.9	575.9
463	1020	0	-87.7464	42.00608	1020	1140	0	-87.73676	42.00623	1020.8	1140.8
464	600	0	-87.76176	41.96038	600	720	0	-87.75261	41.96053	600.8	720.8
465	525	0	-87.73676	42.00623	525	645	0	-87.7464	42.00608	525.8	645.8
466	950	0	-87.76131	41.93483	950	1070	0	-87.76106	41.92758	950.8	1070.8
467	1025	0	-87.73676	42.00623	1025	1145	0	-87.7464	42.00608	1025.8	1145.8
468	1020	0	-87.68843	42.06368	1020	1140	0	-87.68826	42.05813	1020.6	1140.6
469	575	0	-87.63922	41.89258	575	695	0	-87.64155	41.89804	575.6	695.6
470	835	0	-87.82622	42.45242	835	955	0	-87.63226	41.90033	898.5	1018.5
471	810	0	-88.46104	42.31407	810	930	0	-88.33984	41.76578	871.8	991.8
472	415	0	-88.33984	41.76578	415	535	0	-88.46104	42.31407	476.8	596.8
473	990	0	-88.14498	42.22658	990	1110	0	-87.96417	41.74805	1045.3	1165.3
474	1218	0	-88.02245	41.75908	1218	1338	0	-88.14498	42.22658	1271	1391
475	1218	0	-88.02245	41.75908	1218	1338	0	-88.14498	42.22658	1271	1391
476	800	0	-87.75856	42.05638	800	920	0	-88.32222	41.90353	849.6	969.6
477	727	0	-88.33518	42.16532	727	847	0	-87.75856	42.05638	776.1	896.1
478	540	0	-87.63313	41.88483	540	660	0	-87.98992	42.08538	577	697
479	540	0	-87.63313	41.88483	540	660	0	-87.98992	42.08538	577	697
480	805	0	-88.08047	42.01618	805	925	0	-88.23412	41.73593	838.7	958.7
481	400	0	-88.01189	41.79358	400	520	0	-87.63281	41.87389	432.7	552.7
482	410	0	-87.99752	42.12203	410	530	0	-87.81845	41.86188	442.5	562.5
483	668	0	-88.32093	41.88843	668	788	0	-88.33518	42.16532	698.8	818.8
484	311	0	-87.97567	41.89758	311	431	0	-87.64271	41.88534	338.6	458.6
485	1374	0	-87.84424	41.77083	1374	1494	0	-87.60385	41.79034	1394.1	1514.1
486	881	0	-88.16687	41.76818	881	1001	0	-88.33901	41.67931	898.4	1018.4
487	615	0	-88.4125	41.3766	615	735	0	-88.2944	41.25825	631.5	751.5
488	660	0	-88.13667	42.03598	660	780	0	-88.32082	42.08492	676.1	796.1
489	810	0	-87.56619	41.60383	810	930	0	-87.619	41.72548	824.2	944.2
490	517	0	-87.77431	41.83078	517	637	0	-87.82746	41.95208	531.2	651.2
491	480	0	-87.82746	41.95208	480	600	0	-87.77431	41.83078	494.2	614.2
492	634	0	-88.1614	41.57273	634	754	0	-88.11696	41.68008	646.5	766.5
493	976	0	-87.94717	41.81288	976	1096	0	-88.09162	41.83683	988.3	1108.3
494	885	0	-87.5941	41.79042	885	1005	0	-87.62024	41.89843	897.2	1017.2
495	630	0	-88.03347	42.17547	630	750	0	-87.99362	42.07443	641.7	761.7
496	630	0	-88.03347	42.17547	630	750	0	-87.99362	42.07443	641.7	761.7
497	840	0	-88.07178	42.14213	840	960	0	-88.14498	42.22658	851.2	971.2
498	840	0	-88.07178	42.14213	840	960	0	-88.14498	42.22658	851.2	971.2
499	840	0	-88.07178	42.14213	840	960	0	-88.14498	42.22658	851.2	971.2
500	845	0	-88.32222	41.90353	845	965	0	-88.43233	41.84842	856	976
501	905	0	-87.70022	42.04474	905	1025	0	-87.79176	42.11608	916	1036
502	730	0	-87.84424	41.77083	730	850	0	-87.9727	41.78095	740.7	860.7
503	543	0	-87.98992	42.08538	543	663	0	-88.03347	42.17547	553.6	673.6
504	543	0	-87.98992	42.08538	543	663	0	-88.03347	42.17547	553.6	673.6
505	840	0	-88.32093	41.88843	840	960	0	-88.43233	41.84842	850.2	970.2
506	1171	0	-88.32093	41.88843	1171	1291	0	-88.43233	41.84842	1181.2	1301.2
507	1190	0	-88.33367	41.34314	1190	1310	0	-88.2944	41.25825	1200	1320
508	1020	0	-88.2944	41.25825	1020	1140	0	-88.33367	41.34314	1030	1150
509	990	0	-87.79176	42.11608	990	1110	0	-87.70296	42.05823	999.8	1119.8
510	748	0	-88.20327	41.68083	748	868	0	-88.18272	41.76293	757.3	877.3
511	563	0	-87.92986	41.73753	563	683	0	-87.89811	41.81163	571.7	691.7
512	991	0	-88.20327	41.68083	991	1111	0	-88.24769	41.7497	999.5	1119.5
513	645	0	-88.23037	41.61465	645	765	0	-88.20327	41.68083	652.7	772.7
514	645	0	-88.23037	41.61465	645	765	0	-88.20327	41.68083	652.7	772.7
515	370	0	-88.13833	42.17237	370	490	0	-88.13133	42.11068	376.9	496.9
516	870	0	-87.619	41.72548	870	990	0	-87.6343	41.66754	876.6	996.6
517	1328	0	-87.82622	42.45242	1328	1448	0	-87.90709	42.45357	1334.6	1454.6
518	1075	0	-87.82622	42.45242	1075	1195	0	-87.90709	42.45357	1081.6	1201.6
519	820	0	-88.13833	42.17237	820	940	0	-88.07178	42.14213	826.4	946.4
520	820	0	-88.13833	42.17237	820	940	0	-88.07178	42.14213	826.4	946.4
521	380	0	-88.13133	42.11068	380	500	0	-88.07178	42.14213	386	506
522	1200	0	-88.08878	42.18838	1200	1320	0	-88.15318	42.20148	1205.5	1325.5
523	1005	0	-87.97409	42.20932	1005	1125	0	-87.96232	42.16257	1010.3	1130.3
524	1150	0	-88.18272	41.76293	1150	1270	0	-88.23412	41.73593	1155.2	1275.2
525	1150	0	-88.18272	41.76293	1150	1270	0	-88.23412	41.73593	1155.2	1275.2
526	780	0	-87.90496	41.91413	780	900	0	-87.85066	41.89483	785	905
527	720	0	-87.85066	41.89483	720	840	0	-87.90496	41.91413	725	845
528	885	0	-87.85066	41.89483	885	1005	0	-87.90496	41.91413	890	1010
529	1195	0	-87.96417	41.74805	1195	1315	0	-88.02245	41.75908	1200	1320
530	593	0	-87.88081	41.80668	593	713	0	-87.84424	41.77083	598	718
531	660	0	-88.11065	41.6985	660	780	0	-88.05795	41.69235	664.4	784.4
532	830	0	-87.95991	41.76303	830	950	0	-87.95676	41.79945	834.1	954.1
533	635	0	-87.95676	41.79945	635	755	0	-87.95991	41.76303	639.1	759.1
534	620	0	-87.95991	41.76303	620	740	0	-87.95676	41.79945	624.1	744.1
535	484	0	-87.95676	41.79945	484	604	0	-87.95991	41.76303	488.1	608.1
536	635	0	-87.95676	41.79945	635	755	0	-87.95991	41.76303	639.1	759.1
537	830	0	-87.95991	41.76303	830	950	0	-87.95676	41.79945	834.1	954.1
538	840	0	-88.31465	42.29472	840	960	0	-88.26836	42.28477	844	964
539	620	0	-88.14543	42.05328	620	740	0	-88.16007	42.01878	624	744
540	690	0	-87.78271	41.99006	690	810	0	-87.7464	42.00608	693.5	813.5
541	660	0	-87.7464	42.00608	660	780	0	-87.78271	41.99006	663.5	783.5
542	1020	0	-87.86881	42.03597	1020	1140	0	-87.82611	42.03298	1023.5	1143.5
543	690	0	-87.78271	41.99006	690	810	0	-87.7464	42.00608	693.5	813.5
544	660	0	-87.7464	42.00608	660	780	0	-87.78271	41.99006	663.5	783.5
545	1210	0	-87.82611	42.03298	1210	1330	0	-87.86881	42.03597	1213.5	1333.5
546	1210	0	-87.82611	42.03298	1210	1330	0	-87.86881	42.03597	1213.5	1333.5
547	910	0	-87.82611	42.03298	910	1030	0	-87.86881	42.03597	913.5	1033.5
548	1210	0	-87.82611	42.03298	1210	1330	0	-87.86881	42.03597	1213.5	1333.5
549	887	0	-88.29013	42.00048	887	1007	0	-88.25502	42.01598	890.4	1010.4
550	585	0	-87.89181	41.74772	585	705	0	-87.92986	41.73753	588.4	708.4
551	975	0	-87.83482	42.48562	975	1095	0	-87.83862	42.45522	978.4	1098.4
552	571	0	-87.89811	41.81163	571	691	0	-87.86587	41.79492	574.3	694.3
553	1080	0	-88.21969	41.76139	1080	1200	0	-88.18272	41.76293	1083.1	1203.1
554	1050	0	-87.96417	41.74805	1050	1170	0	-87.92986	41.73753	1053.1	1173.1
555	1080	0	-88.21969	41.76139	1080	1200	0	-88.18272	41.76293	1083.1	1203.1
556	940	0	-88.23412	41.73593	940	1060	0	-88.21969	41.76139	943.1	1063.1
557	940	0	-88.23412	41.73593	940	1060	0	-88.21969	41.76139	943.1	1063.1
558	960	0	-87.81636	41.87598	960	1080	0	-87.7806	41.87633	963	1083
559	960	0	-87.81636	41.87598	960	1080	0	-87.7806	41.87633	963	1083
560	890	0	-87.7806	41.87633	890	1010	0	-87.81636	41.87598	893	1013
561	981	0	-87.6938	41.51603	981	1101	0	-87.66467	41.50615	983.7	1103.7
562	461	0	-87.66467	41.50615	461	581	0	-87.6938	41.51603	463.7	583.7
563	981	0	-87.6938	41.51603	981	1101	0	-87.66467	41.50615	983.7	1103.7
564	461	0	-87.66467	41.50615	461	581	0	-87.6938	41.51603	463.7	583.7
565	880	0	-87.96802	42.11708	880	1000	0	-87.99752	42.12203	882.5	1002.5
566	1080	0	-88.33032	41.71571	1080	1200	0	-88.34732	41.73418	1082.5	1202.5
567	852	0	-87.95676	41.79945	852	972	0	-87.9727	41.78095	854.4	974.4
568	452	0	-87.9727	41.78095	452	572	0	-87.95676	41.79945	454.4	574.4
569	852	0	-87.95676	41.79945	852	972	0	-87.9727	41.78095	854.4	974.4
570	995	0	-87.9727	41.78095	995	1115	0	-87.95991	41.76303	997.3	1117.3
571	995	0	-87.9727	41.78095	995	1115	0	-87.95991	41.76303	997.3	1117.3
572	798	0	-87.9727	41.78095	798	918	0	-87.95991	41.76303	800.3	920.3
573	990	0	-87.79131	41.89511	990	1110	0	-87.7806	41.87633	992.3	1112.3
574	840	0	-87.79131	41.89511	840	960	0	-87.7806	41.87633	842.3	962.3
575	975	0	-87.66475	41.56813	975	1095	0	-87.66195	41.54803	977.2	1097.2
576	1140	0	-88.34732	41.73418	1140	1260	0	-88.3246	41.74376	1142.2	1262.2
577	1095	0	-88.01467	42.13672	1095	1215	0	-87.99752	42.12203	1097.2	1217.2
578	1095	0	-88.01467	42.13672	1095	1215	0	-87.99752	42.12203	1097.2	1217.2
579	1095	0	-88.01467	42.13672	1095	1215	0	-87.99752	42.12203	1097.2	1217.2
580	1095	0	-88.01467	42.13672	1095	1215	0	-87.99752	42.12203	1097.2	1217.2
581	950	0	-88.01657	42.08168	950	1070	0	-87.99362	42.07443	952.1	1072.1
582	900	0	-87.99362	42.07443	900	1020	0	-88.01657	42.08168	902.1	1022.1
583	980	0	-87.75261	41.96053	980	1100	0	-87.77171	41.94938	982	1102
584	1040	0	-87.77171	41.94938	1040	1160	0	-87.75261	41.96053	1042	1162
585	1050	0	-88.24769	41.7497	1050	1170	0	-88.23412	41.73593	1051.9	1171.9
586	540	0	-87.76551	42.01488	540	660	0	-87.7464	42.00608	541.9	661.9
587	540	0	-87.76551	42.01488	540	660	0	-87.7464	42.00608	541.9	661.9
588	475	0	-87.84781	42.03253	475	595	0	-87.86881	42.03597	476.8	596.8
589	620	0	-87.86881	42.03597	620	740	0	-87.84781	42.03253	621.8	741.8
590	880	0	-87.84781	42.03253	880	1000	0	-87.86881	42.03597	881.8	1001.8
591	785	0	-87.59897	41.79042	785	905	0	-87.59439	41.80603	786.8	906.8
592	770	0	-87.59439	41.80603	770	890	0	-87.59897	41.79042	771.8	891.8
593	578	0	-87.86587	41.79492	578	698	0	-87.88081	41.80668	579.8	699.8
594	785	0	-87.59897	41.79042	785	905	0	-87.59439	41.80603	786.8	906.8
595	855	0	-87.97066	41.88258	855	975	0	-87.97567	41.89758	856.7	976.7
596	855	0	-87.97066	41.88258	855	975	0	-87.97567	41.89758	856.7	976.7
597	450	0	-87.586	41.80108	450	570	0	-87.59897	41.79042	451.6	571.6
598	1172	0	-87.71078	41.90655	1172	1292	0	-87.6947	41.91208	1173.5	1293.5
599	790	0	-88.18272	41.76293	790	910	0	-88.16687	41.76818	791.4	911.4
600	950	0	-87.98992	42.08538	950	1070	0	-87.99362	42.07443	951.3	1071.3
601	900	0	-87.99362	42.07443	900	1020	0	-87.98992	42.08538	901.3	1021.3
602	902	0	-87.6946	41.90789	902	1022	0	-87.71078	41.90655	903.3	1023.3
603	427	0	-87.66467	41.50615	427	547	0	-87.66479	41.51698	428.2	548.2
604	887	0	-88.12877	41.86924	887	1007	0	-88.12987	41.88003	888.2	1008.2
605	991	0	-87.66467	41.50615	991	1111	0	-87.66479	41.51698	992.2	1112.2
606	446	0	-87.66479	41.51698	446	566	0	-87.66467	41.50615	447.2	567.2
607	991	0	-87.66467	41.50615	991	1111	0	-87.66479	41.51698	992.2	1112.2
608	661	0	-87.586	41.80108	661	781	0	-87.59439	41.80603	661.9	781.9
609	1020	0	-87.73676	42.00623	1020	1140	0	-87.7464	42.00608	1020.8	1140.8
610	870	0	-87.7464	42.00608	870	990	0	-87.73676	42.00623	870.8	990.8
611	898	0	-87.61155	41.89263	898	1018	0	-87.6635	42.00552	911.3	1031.3
612	1195	0	-87.52995	41.69208	1195	1315	0	-87.61117	41.79207	1208	1328
613	1275	0	-87.61663	41.87773	1275	1395	0	-87.586	41.80108	1283.9	1403.9
614	870	0	-87.78186	41.96066	870	990	0	-87.72291	41.96458	874.9	994.9
615	1290	0	-87.63313	41.88483	1290	1410	0	-87.631	41.90763	1292.5	1412.5
616	885	0	-87.65315	41.95829	885	1005	0	-87.6385	41.93948	887.4	1007.4
617	1140	0	-87.61663	41.87773	1140	1260	0	-87.63281	41.87389	1141.4	1261.4
618	590	0	-87.65944	42.00552	590	710	0	-87.66577	41.99422	591.4	711.4
619	916	0	-87.6208	41.88486	916	1036	0	-87.78219	41.89163	929.4	1049.4
620	1190	0	-87.95676	41.79945	1190	1310	0	-88.02326	41.77648	1196.1	1316.1
621	940	0	-87.65125	41.92183	940	1060	0	-87.64971	41.97363	945.8	1065.8
622	900	0	-87.63281	41.87389	900	1020	0	-87.65125	41.92183	905.5	1025.5
623	537	0	-87.63226	41.90033	537	657	0	-87.62655	41.90778	538	658
624	675	0	-87.62149	41.87077	675	795	0	-87.61663	41.87773	675.9	795.9
625	990	0	-87.6208	41.88486	990	1110	0	-88.05353	42.40646	1058.1	1178.1
626	1195	0	-87.63226	41.90033	1195	1315	0	-87.82622	42.45242	1258.5	1378.5
627	1005	0	-87.75856	42.05638	1005	1125	0	-88.43233	41.84842	1065.3	1185.3
628	1030	0	-87.61663	41.87773	1030	1150	0	-88.13833	42.17237	1084.1	1204.1
629	964	0	-87.61663	41.87773	964	1084	0	-87.95069	42.17452	1007	1127
630	1010	0	-87.63313	41.88483	1010	1130	0	-87.99362	42.07443	1046.5	1166.5
631	961	0	-87.6208	41.88486	961	1081	0	-87.97328	42.03833	994.8	1114.8
632	960	0	-87.61663	41.87773	960	1080	0	-87.76786	42.13603	991.3	1111.3
633	930	0	-87.63281	41.87389	930	1050	0	-87.91331	41.80392	954.5	1074.5
634	996	0	-87.63311	41.88134	996	1116	0	-87.68843	42.06368	1016.8	1136.8
635	989	0	-87.63311	41.88134	989	1109	0	-87.70296	42.05823	1009.5	1129.5
636	1040	0	-87.64271	41.88534	1040	1160	0	-87.68798	42.04676	1058.3	1178.3
637	1080	0	-87.91331	41.80392	1080	1200	0	-88.01373	41.77338	1089	1209
638	1112	0	-88.13833	42.17237	1112	1232	0	-88.17198	42.21777	1117.8	1237.8
639	1140	0	-88.02116	41.84633	1140	1260	0	-88.04371	41.84543	1141.9	1261.9
640	1050	0	-87.95069	42.17452	1050	1170	0	-87.96232	42.16257	1051.6	1171.6
641	347	0	-87.64271	41.88534	347	467	0	-87.63281	41.87389	348.5	468.5
642	1043	0	-87.6916	41.89188	1043	1163	0	-87.70136	41.88553	1044.1	1164.1
643	375	0	-87.64271	41.88534	375	495	0	-87.63313	41.88483	375.8	495.8
644	810	0	-87.63311	41.88134	810	930	0	-87.93672	42.39977	872.9	992.9
645	875	0	-88.24769	41.7497	875	995	0	-88.28917	42.20857	926.2	1046.2
646	980	0	-88.23412	41.73593	980	1100	0	-88.20327	41.68083	986.6	1106.6
647	1020	0	-87.86881	42.03597	1020	1140	0	-87.82611	42.03298	1023.5	1143.5
648	1020	0	-87.86881	42.03597	1020	1140	0	-87.82611	42.03298	1023.5	1143.5
649	840	0	-87.82611	42.03298	840	960	0	-87.86881	42.03597	843.5	963.5
650	660	0	-88.16977	41.99553	660	780	0	-88.16007	42.01878	662.7	782.7
651	1080	0	-87.99752	42.12203	1080	1200	0	-88.01467	42.13672	1082.2	1202.2
652	840	0	-88.09201	41.53783	840	960	0	-88.10326	41.52693	841.5	961.5
653	814	0	-88.12987	41.88003	814	934	0	-88.12877	41.86924	815.2	935.2
654	880	0	-87.64271	41.88534	880	1000	0	-87.97567	41.89758	907.6	1027.6
655	911	0	-87.64271	41.88534	911	1031	0	-87.75856	42.05638	932.3	1052.3
656	400	0	-87.67916	42.04668	400	520	0	-87.64271	41.88534	418.2	538.2
657	895	0	-87.84424	41.77083	895	1015	0	-87.65185	41.84358	912.9	1032.9
658	960	0	-87.62149	41.87077	960	1080	0	-87.6635	42.00552	975.4	1095.4
659	810	0	-88.12432	41.82653	810	930	0	-87.93991	41.84633	825.4	945.4
660	465	0	-87.71314	42.07685	465	585	0	-87.79176	42.11608	472.8	592.8
661	1090	0	-87.62655	41.90778	1090	1210	0	-87.71046	41.92098	1097.1	1217.1
662	1126	0	-87.61155	41.89263	1126	1246	0	-87.63785	41.93478	1131.2	1251.2
663	495	0	-87.71046	41.92098	495	615	0	-87.65125	41.92183	499.9	619.9
664	965	0	-87.65441	41.89988	965	1085	0	-87.70136	41.88553	969.2	1089.2
665	965	0	-87.65441	41.89988	965	1085	0	-87.70136	41.88553	969.2	1089.2
666	890	0	-87.7806	41.87633	890	1010	0	-87.81636	41.87598	893	1013
667	695	0	-87.63311	41.88134	695	815	0	-87.631	41.90763	697.9	817.9
668	810	0	-87.631	41.90763	810	930	0	-87.63311	41.88134	812.9	932.9
669	765	0	-87.8367	42.04728	765	885	0	-87.86881	42.03597	767.9	887.9
670	525	0	-87.65125	41.92183	525	645	0	-87.63226	41.90033	527.9	647.9
671	600	0	-87.7128	41.71983	600	720	0	-87.72534	41.69678	602.8	722.8
672	372	0	-87.68843	42.06368	372	492	0	-87.71314	42.07685	374.5	494.5
673	1070	0	-87.631	41.90763	1070	1190	0	-87.63313	41.88483	1072.5	1192.5
674	900	0	-87.66475	41.56813	900	1020	0	-87.66195	41.54803	902.2	1022.2
675	916	0	-87.66195	41.54803	916	1036	0	-87.66475	41.56813	918.2	1038.2
676	1410	0	-88.29892	41.74104	1410	1530	0	-88.3246	41.74376	1412.2	1532.2
677	836	0	-87.63311	41.88134	836	956	0	-87.63226	41.90033	838.1	958.1
678	780	0	-87.84836	41.9634	780	900	0	-87.82666	41.95958	781.8	901.8
679	385	0	-87.62655	41.90778	385	505	0	-87.62623	41.89224	386.7	506.7
680	485	0	-87.62623	41.89224	485	605	0	-87.62655	41.90778	486.7	606.7
681	780	0	-87.651	41.91448	780	900	0	-87.63445	41.92248	781.6	901.6
682	848	0	-87.63281	41.87389	848	968	0	-87.64271	41.88534	849.5	969.5
683	1296	0	-87.6947	41.91208	1296	1416	0	-87.71078	41.90655	1297.5	1417.5
684	625	0	-87.66577	41.99422	625	745	0	-87.65944	42.00552	626.4	746.4
685	966	0	-88.09092	41.87719	966	1086	0	-88.10677	41.88093	967.4	1087.4
686	887	0	-87.78219	41.89163	887	1007	0	-87.78935	41.88329	888.1	1008.1
687	820	0	-87.61155	41.89263	820	940	0	-87.62024	41.89843	821	941
688	695	0	-87.61663	41.87773	695	815	0	-87.62149	41.87077	695.9	815.9
689	870	0	-87.63226	41.90033	870	990	0	-87.631	41.90763	870.8	990.8
690	835	0	-87.79131	41.89511	835	955	0	-87.78219	41.89163	835.8	955.8
691	895	0	-87.63313	41.88483	895	1015	0	-87.64271	41.88534	895.8	1015.8
692	384	0	-87.78219	41.89163	384	504	0	-87.79131	41.89511	384.8	504.8
693	570	0	-87.66812	42.00551	570	690	0	-87.65944	42.00552	570.7	690.7
694	635	0	-87.65944	42.00552	635	755	0	-87.66812	42.00551	635.7	755.7
695	1195	0	-87.62375	41.90043	1195	1315	0	-87.62024	41.89843	1195.4	1315.4
696	1010	0	-87.62024	41.89843	1010	1130	0	-87.62375	41.90043	1010.4	1130.4
697	810	0	-87.71431	41.90638	810	930	0	-87.71078	41.90655	810.3	930.3