Number of requests is 744
Number of Drivers is 268
Number of Riders is 476

Req_no. request_arrival_time service_time_at_source Pickup_location_longitude Pickup_location_latitude  Pickup_earliest_time Pickup_latest_time  service_time_at_delivery delivery_location_long delivery_location_latitude delivery_earliest_time delivery_latest_time 
0	945	0	-88.10326	41.52693	945	975	0	-88.31947	41.54742	963.1	993.1
1	802	0	-87.95069	42.17452	802	832	0	-87.86787	42.13093	810.4	840.4
2	678	0	-87.93537	42.13432	678	708	0	-87.95069	42.17452	682.6	712.6
3	617	0	-87.81877	42.13813	617	647	0	-87.93537	42.13432	626.6	656.6
4	585	0	-87.86787	42.13093	585	615	0	-87.81877	42.13813	589.1	619.1
5	915	0	-88.05497	42.05213	915	945	0	-88.16007	42.01878	924.4	954.4
6	669	0	-88.21776	41.53233	669	699	0	-88.2101	41.57233	673.5	703.5
7	915	0	-87.6407	41.86949	915	945	0	-87.59041	41.75527	928.4	958.4
8	635	0	-87.7464	42.00608	635	665	0	-87.71856	41.97768	638.9	668.9
9	980	0	-87.68843	42.06368	980	1010	0	-87.71916	42.05888	982.6	1012.6
10	860	0	-88.31947	41.54742	860	890	0	-88.10326	41.52693	878.1	908.1
11	725	0	-88.09971	41.54668	725	755	0	-88.31947	41.54742	743.3	773.3
12	675	0	-88.11311	41.53653	675	705	0	-88.09971	41.54668	676.6	706.6
13	650	0	-88.16773	41.50019	650	680	0	-88.11311	41.53653	656.1	686.1
14	830	0	-88.10276	41.61618	830	860	0	-88.13238	41.5732	835.4	865.4
15	885	0	-88.43233	41.84842	885	915	0	-88.32093	41.88843	895.2	925.2
16	780	0	-88.32093	41.88843	780	810	0	-88.43233	41.84842	790.2	820.2
17	795	0	-87.71856	41.97768	795	825	0	-87.87178	41.90008	810.3	840.3
18	935	0	-87.7806	41.87633	935	965	0	-87.81636	41.87598	938	968
19	945	0	-88.34411	42.01383	945	975	0	-88.29013	42.00048	949.7	979.7
20	925	0	-88.24769	41.7497	925	955	0	-88.23412	41.73593	926.9	956.9
21	785	0	-87.92797	42.36322	785	815	0	-87.93672	42.39977	789.1	819.1
22	900	0	-87.90792	42.12198	900	930	0	-87.93672	42.39977	931	961
23	975	0	-88.16687	41.76818	975	1005	0	-87.94717	41.81288	993.9	1023.9
24	680	0	-88.16351	41.78673	680	710	0	-88.16687	41.76818	682.1	712.1
25	795	0	-87.78621	42.03218	795	825	0	-87.77535	42.04803	797	827
26	881	0	-87.86787	42.13093	881	911	0	-88.21399	42.40154	922.4	952.4
27	962	0	-87.6525	41.89269	962	992	0	-87.93986	41.89813	985.8	1015.8
28	915	0	-88.26836	42.28477	915	945	0	-88.21399	42.40154	928.7	958.7
29	855	0	-87.654	41.87298	855	885	0	-87.7806	41.87633	865.5	895.5
30	901	0	-87.83176	42.07808	901	931	0	-87.8367	42.04728	904.5	934.5
31	900	0	-87.78491	42.06028	900	930	0	-87.87126	42.04698	907.3	937.3
32	875	0	-88.01882	41.86793	875	905	0	-88.02116	41.84633	877.4	907.4
33	801	0	-88.00861	41.84698	801	831	0	-88.01882	41.86793	803.5	833.5
34	660	0	-88.4125	41.3766	660	690	0	-88.2944	41.25825	676.5	706.5
35	932	0	-88.29013	42.00048	932	962	0	-88.25502	42.01598	935.4	965.4
36	615	0	-88.39857	42.1771	615	645	0	-87.78621	42.03218	668	698
37	705	0	-88.13667	42.03598	705	735	0	-88.32082	42.08492	721.1	751.1
38	730	0	-88.32222	41.90353	730	760	0	-88.32093	41.88843	731.7	761.7
39	982	0	-88.12707	41.99678	982	1012	0	-88.16187	42.03098	986.8	1016.8
40	970	0	-87.66587	41.95808	970	1000	0	-88.12707	41.99678	1008.4	1038.4
41	940	0	-88.14543	42.05328	940	970	0	-87.66587	41.95808	981	1011
42	795	0	-87.93327	42.05883	795	825	0	-88.08047	42.01618	808.1	838.1
43	695	0	-88.05497	42.05213	695	725	0	-87.93327	42.05883	705.1	735.1
44	615	0	-88.01272	42.02523	615	645	0	-88.05497	42.05213	619.6	649.6
45	694	0	-88.34732	41.73418	694	724	0	-88.3246	41.74376	696.2	726.2
46	765	0	-87.79176	42.11608	765	795	0	-87.81272	42.18952	773.4	803.4
47	720	0	-88.3246	41.74376	720	750	0	-88.29892	41.74104	722.2	752.2
48	760	0	-87.84781	42.03253	760	790	0	-87.8367	42.04728	761.9	791.9
49	665	0	-87.86881	42.03597	665	695	0	-87.84781	42.03253	666.8	696.8
50	925	0	-87.84781	42.03253	925	955	0	-87.86881	42.03597	926.8	956.8
51	900	0	-87.86881	42.03597	900	930	0	-87.84781	42.03253	901.8	931.8
52	961	0	-87.86787	42.13093	961	991	0	-87.86847	42.12198	962	992
53	905	0	-87.75306	42.11228	905	935	0	-87.86787	42.13093	914.7	944.7
54	880	0	-88.41606	42.06853	880	910	0	-88.53279	42.02418	890.8	920.8
55	855	0	-87.81272	42.18952	855	885	0	-87.79176	42.11608	863.4	893.4
56	885	0	-88.27197	41.76403	885	915	0	-88.3246	41.74376	889.9	919.9
57	848	0	-87.82666	41.95958	848	878	0	-87.84836	41.9634	849.8	879.8
58	730	0	-87.79385	41.57553	730	760	0	-87.6885	41.47698	744	774
59	692	0	-87.82265	41.58003	692	722	0	-87.79385	41.57553	694.4	724.4
60	915	0	-88.29308	42.18532	915	945	0	-88.44044	42.30707	933.2	963.2
61	855	0	-88.41359	42.28267	855	885	0	-88.26836	42.28477	867	897
62	840	0	-88.07636	41.79868	840	870	0	-87.95891	41.68673	855.8	885.8
63	700	0	-88.20327	41.68083	700	730	0	-88.07636	41.79868	716.8	746.8
64	800	0	-87.99727	42.09913	800	830	0	-88.02116	41.84633	828.2	858.2
65	705	0	-87.8216	41.53973	705	735	0	-87.86635	41.57903	710.7	740.7
66	705	0	-88.32093	41.88843	705	735	0	-88.32222	41.90353	706.7	736.7
67	945	0	-88.33901	41.67931	945	975	0	-88.3246	41.74376	952.3	982.3
68	900	0	-88.33032	41.71571	900	930	0	-88.33901	41.67931	904.1	934.1
69	896	0	-88.33992	41.78258	896	926	0	-88.3198	41.78323	897.7	927.7
70	855	0	-88.28802	41.93353	855	885	0	-88.33992	41.78258	872.3	902.3
71	875	0	-88.34732	41.73418	875	905	0	-88.3246	41.74376	877.2	907.2
72	855	0	-88.3246	41.74376	855	885	0	-88.34732	41.73418	857.2	887.2
73	740	0	-88.29892	41.74104	740	770	0	-88.3246	41.74376	742.2	772.2
74	770	0	-87.86635	41.57903	770	800	0	-87.8216	41.53973	775.7	805.7
75	897	0	-87.75646	42.09673	897	927	0	-87.73304	42.08683	899.2	929.2
76	655	0	-87.97586	42.39812	655	685	0	-87.82622	42.45242	668.7	698.7
77	645	0	-87.92687	42.37858	645	675	0	-87.97586	42.39812	649.6	679.6
78	665	0	-87.75646	42.09673	665	695	0	-87.71916	42.05888	670.2	700.2
79	642	0	-87.81877	42.13813	642	672	0	-87.75646	42.09673	648.9	678.9
80	621	0	-87.81887	42.16363	621	651	0	-87.81877	42.13813	623.8	653.8
81	612	0	-87.83877	42.16033	612	642	0	-87.81887	42.16363	613.7	643.7
82	915	0	-88.43227	41.76721	915	945	0	-88.16732	41.71808	937.7	967.7
83	923	0	-87.73304	42.08683	923	953	0	-87.75646	42.09673	925.2	955.2
84	690	0	-87.9042	42.34347	690	720	0	-87.97586	42.39812	698.5	728.5
85	750	0	-87.73581	42.07188	750	780	0	-87.75646	42.09673	753.2	783.2
86	681	0	-87.71916	42.05888	681	711	0	-87.73581	42.07188	683	713
87	735	0	-87.83746	41.92408	735	765	0	-87.82746	41.95208	738.2	768.2
88	711	0	-87.82746	41.95208	711	741	0	-87.83746	41.92408	714.2	744.2
89	825	0	-87.8367	42.04728	825	855	0	-87.80216	41.98983	832	862
90	795	0	-87.81181	42.02968	795	825	0	-87.8367	42.04728	797.8	827.8
91	795	0	-87.6195	41.74368	795	825	0	-87.60955	41.73473	796.3	826.3
92	587	0	-87.75646	42.09673	587	617	0	-87.83877	42.16033	596.8	626.8
93	598	0	-88.05464	41.79993	598	628	0	-88.32038	41.76493	620.4	650.4
94	858	0	-88.53279	42.02418	858	888	0	-88.41606	42.06853	868.8	898.8
95	713	0	-88.41606	42.06853	713	743	0	-88.53279	42.02418	723.8	753.8
96	651	0	-88.53279	42.02418	651	681	0	-88.41606	42.06853	661.8	691.8
97	930	0	-88.05512	42.03283	930	960	0	-88.15537	41.99813	939.1	969.1
98	830	0	-87.59897	41.79042	830	860	0	-87.59439	41.80603	831.8	861.8
99	815	0	-87.59439	41.80603	815	845	0	-87.59897	41.79042	816.8	846.8
100	926	0	-88.16687	41.76818	926	956	0	-88.33901	41.67931	943.4	973.4
101	795	0	-87.82622	42.45242	795	825	0	-87.86557	42.28877	813.5	843.5
102	793	0	-88.20327	41.68083	793	823	0	-88.18272	41.76293	802.3	832.3
103	870	0	-87.86557	42.28877	870	900	0	-87.905	42.29574	873.3	903.3
104	945	0	-88.33992	41.87293	945	975	0	-88.2864	41.87973	949.5	979.5
105	810	0	-88.2864	41.87973	810	840	0	-88.33992	41.87293	814.5	844.5
106	705	0	-88.33992	41.87293	705	735	0	-88.2864	41.87973	709.5	739.5
107	900	0	-87.6962	41.83723	900	930	0	-87.59045	41.62877	924.8	954.8
108	940	0	-88.02633	42.35664	940	970	0	-87.905	42.29574	952.1	982.1
109	698	0	-87.97586	42.39812	698	728	0	-88.02633	42.35664	704.2	734.2
110	955	0	-87.78621	42.03218	955	985	0	-87.81426	42.00383	958.9	988.9
111	835	0	-88.18272	41.76293	835	865	0	-88.16687	41.76818	836.4	866.4
112	855	0	-87.86112	42.25992	855	885	0	-87.90557	42.26012	858.7	888.7
113	753	0	-88.09893	42.42968	753	783	0	-87.97586	42.39812	763.7	793.7
114	706	0	-88.08047	42.01618	706	736	0	-88.20327	41.68083	744.7	774.7
115	975	0	-87.63445	41.92248	975	1005	0	-87.65599	41.91433	977	1007
116	920	0	-87.79336	41.99373	920	950	0	-87.75261	41.96053	925	955
117	870	0	-87.64368	41.89249	870	900	0	-87.79336	41.99373	886.7	916.7
118	855	0	-87.75261	41.96053	855	885	0	-87.64368	41.89249	866.8	896.8
119	645	0	-87.76176	41.96038	645	675	0	-87.75261	41.96053	645.8	675.8
120	962	0	-87.73304	42.08683	962	992	0	-87.68843	42.06368	966.5	996.5
121	915	0	-87.72766	42.10958	915	945	0	-87.79132	42.18517	924.9	954.9
122	710	0	-88.00861	41.84698	710	740	0	-88.05097	41.87143	714.4	744.4
123	780	0	-87.90557	42.26012	780	810	0	-87.86112	42.25992	783.7	813.7
124	595	0	-87.81272	42.18952	595	625	0	-87.90557	42.26012	606	636
125	890	0	-88.32222	41.90353	890	920	0	-88.43233	41.84842	901	931
126	845	0	-87.75856	42.05638	845	875	0	-88.32222	41.90353	894.6	924.6
127	772	0	-88.33518	42.16532	772	802	0	-87.75856	42.05638	821.1	851.1
128	713	0	-88.32093	41.88843	713	743	0	-88.33518	42.16532	743.8	773.8
129	642	0	-87.99362	42.07443	642	672	0	-87.84836	41.9634	659.2	689.2
130	950	0	-87.79132	42.18517	950	980	0	-87.90557	42.26012	962.6	992.6
131	700	0	-87.86635	41.57903	700	730	0	-87.82391	41.61653	705.5	735.5
132	945	0	-88.34434	42.05339	945	975	0	-88.29013	42.00048	952.4	982.4
133	940	0	-87.84781	42.03253	940	970	0	-87.78621	42.03218	945.1	975.1
134	855	0	-87.84026	42.01753	855	885	0	-87.84781	42.03253	856.8	886.8
135	805	0	-87.64089	41.81984	805	835	0	-87.84026	42.01753	832.5	862.5
136	765	0	-87.76436	41.86918	765	795	0	-87.64089	41.81984	776.6	806.6
137	623	0	-87.72766	42.10958	623	653	0	-87.76436	41.86918	649.9	679.9
138	810	0	-88.04971	41.71983	810	840	0	-88.05795	41.69235	813.1	843.1
139	755	0	-88.20327	41.68083	755	785	0	-88.23412	41.73593	761.6	791.6
140	715	0	-88.07869	41.70823	715	745	0	-88.05795	41.69235	717.5	747.5
141	605	0	-87.82346	42.01501	605	635	0	-87.84781	42.03253	607.8	637.8
142	675	0	-87.78135	41.61704	675	705	0	-87.86635	41.57903	683.2	713.2
143	975	0	-87.84522	41.86037	975	1005	0	-87.78219	41.89163	981.3	1011.3
144	825	0	-87.62024	41.89843	825	855	0	-87.61155	41.89263	826	856
145	865	0	-88.18272	41.76293	865	895	0	-88.23412	41.73593	870.2	900.2
146	745	0	-87.94321	41.91898	745	775	0	-87.62024	41.89843	771.8	801.8
147	735	0	-87.94827	41.95318	735	765	0	-87.94321	41.91898	738.8	768.8
148	785	0	-88.05097	41.87143	785	815	0	-88.12877	41.86924	791.4	821.4
149	705	0	-88.11065	41.6985	705	735	0	-88.05795	41.69235	709.4	739.4
150	755	0	-88.11696	41.68008	755	785	0	-87.98536	41.70832	766.4	796.4
151	942	0	-87.75581	42.03345	942	972	0	-87.75619	42.01863	943.6	973.6
152	900	0	-87.74021	42.02798	900	930	0	-87.75581	42.03345	901.4	931.4
153	702	0	-87.75581	42.03345	702	732	0	-87.74021	42.02798	703.4	733.4
154	692	0	-87.75619	42.01863	692	722	0	-87.75581	42.03345	693.6	723.6
155	950	0	-88.05795	41.69235	950	980	0	-88.11696	41.68008	955.1	985.1
156	930	0	-88.11696	41.68008	930	960	0	-88.05795	41.69235	935.1	965.1
157	960	0	-88.15134	41.87903	960	990	0	-88.10677	41.88093	963.7	993.7
158	750	0	-88.11696	41.68008	750	780	0	-88.05795	41.69235	755.1	785.1
159	670	0	-87.82116	41.93163	670	700	0	-87.82681	41.97088	674.4	704.4
160	705	0	-87.98536	41.70832	705	735	0	-88.11696	41.68008	716.4	746.4
161	855	0	-88.46104	42.31407	855	885	0	-88.33984	41.76578	916.8	946.8
162	825	0	-88.33984	41.76578	825	855	0	-88.46104	42.31407	886.8	916.8
163	735	0	-87.665	41.89983	735	765	0	-87.631	41.90763	737.9	767.9
164	883	0	-87.75856	42.05638	883	913	0	-87.70296	42.05823	887.6	917.6
165	751	0	-87.70296	42.05823	751	781	0	-87.75856	42.05638	755.6	785.6
166	703	0	-87.66461	41.98018	703	733	0	-87.70296	42.05823	712.2	742.2
167	855	0	-88.05795	41.69235	855	885	0	-88.11696	41.68008	860.1	890.1
168	675	0	-87.6517	41.68133	675	705	0	-87.7585	41.67328	683.9	713.9
169	825	0	-87.6208	41.88486	825	855	0	-87.75306	42.11228	852.6	882.6
170	785	0	-87.98536	41.70832	785	815	0	-88.23352	41.79233	807.6	837.6
171	740	0	-88.23352	41.79233	740	770	0	-87.98536	41.70832	762.6	792.6
172	795	0	-88.18272	41.76293	795	825	0	-88.23352	41.79233	800.3	830.3
173	720	0	-88.36272	41.79527	720	750	0	-88.18272	41.76293	735.4	765.4
174	660	0	-87.63281	41.87389	660	690	0	-87.6208	41.88486	661.6	691.6
175	825	0	-87.7187	41.80443	825	855	0	-87.7305	41.70583	836	866
176	949	0	-87.75619	42.01863	949	979	0	-87.69973	42.02641	953.7	983.7
177	765	0	-87.7585	41.67328	765	795	0	-87.7305	41.70583	769.3	799.3
178	585	0	-87.82221	41.94143	585	615	0	-87.82116	41.93163	586.1	616.1
179	630	0	-87.63649	41.59184	630	660	0	-87.6517	41.68133	640	670
180	973	0	-87.57099	41.58928	973	1003	0	-87.57029	41.53934	978.6	1008.6
181	798	0	-87.54169	41.58593	798	828	0	-87.57099	41.58928	800.5	830.5
182	975	0	-87.82681	41.97088	975	1005	0	-87.82116	41.93163	979.4	1009.4
183	870	0	-87.84836	41.9634	870	900	0	-87.82681	41.97088	872	902
184	825	0	-87.82681	41.97088	825	855	0	-87.84836	41.9634	827	857
185	675	0	-88.03347	42.17547	675	705	0	-87.99362	42.07443	686.7	716.7
186	780	0	-87.7305	41.70583	780	810	0	-87.7187	41.80443	791	821
187	635	0	-88.12432	41.82653	635	665	0	-88.09162	41.83683	637.9	667.9
188	660	0	-88.13065	41.79773	660	690	0	-88.16802	41.79703	663.1	693.1
189	843	0	-87.9727	41.78095	843	873	0	-87.95991	41.76303	845.3	875.3
190	775	0	-87.84424	41.77083	775	805	0	-87.9727	41.78095	785.7	815.7
191	638	0	-87.88081	41.80668	638	668	0	-87.84424	41.77083	643	673
192	623	0	-87.86587	41.79492	623	653	0	-87.88081	41.80668	624.8	654.8
193	616	0	-87.89811	41.81163	616	646	0	-87.86587	41.79492	619.3	649.3
194	608	0	-87.92986	41.73753	608	638	0	-87.89811	41.81163	616.7	646.7
195	670	0	-87.97586	42.39812	670	700	0	-87.94328	42.35314	675.7	705.7
196	695	0	-88.09162	41.83683	695	725	0	-88.12432	41.82653	697.9	727.9
197	735	0	-87.94328	42.35314	735	765	0	-87.90709	42.45357	746.6	776.6
198	625	0	-88.11012	41.86383	625	655	0	-88.12432	41.82653	629.3	659.3
199	975	0	-87.93991	41.84633	975	1005	0	-88.12432	41.82653	990.4	1020.4
200	930	0	-87.85066	41.89483	930	960	0	-87.90496	41.91413	935	965
201	825	0	-87.90496	41.91413	825	855	0	-87.85066	41.89483	830	860
202	765	0	-87.85066	41.89483	765	795	0	-87.90496	41.91413	770	800
203	915	0	-88.05464	41.79993	915	945	0	-88.11696	41.68008	929.3	959.3
204	985	0	-88.23412	41.73593	985	1015	0	-88.21969	41.76139	988.1	1018.1
205	865	0	-87.98021	41.87643	865	895	0	-88.00066	41.88253	866.8	896.8
206	700	0	-87.6385	41.93948	700	730	0	-87.65315	41.95829	702.4	732.4
207	930	0	-88.17577	41.88073	930	960	0	-88.10677	41.88093	935.7	965.7
208	588	0	-87.98992	42.08538	588	618	0	-88.03347	42.17547	598.6	628.6
209	660	0	-87.73721	41.98993	660	690	0	-87.71946	42.00627	662.3	692.3
210	615	0	-87.73721	41.98993	615	645	0	-87.71946	42.00627	617.3	647.3
211	810	0	-87.89181	41.74772	810	840	0	-87.85061	41.73913	813.5	843.5
212	765	0	-87.85061	41.73913	765	795	0	-87.89181	41.74772	768.5	798.5
213	975	0	-88.09102	41.86333	975	1005	0	-88.20327	41.68083	997.3	1027.3
214	632	0	-87.96038	42.45452	632	662	0	-87.97586	42.39812	638.4	668.4
215	700	0	-87.64401	41.95008	700	730	0	-87.65315	41.95829	701.2	731.2
216	945	0	-87.99362	42.07443	945	975	0	-88.01657	42.08168	947.1	977.1
217	975	0	-87.84002	42.10193	975	1005	0	-87.86881	42.03597	982.7	1012.7
218	960	0	-87.83877	42.16033	960	990	0	-87.86881	42.03597	974.1	1004.1
219	730	0	-87.81877	42.13813	730	760	0	-87.83877	42.16033	733	763
220	710	0	-87.83877	42.16033	710	740	0	-87.81877	42.13813	713	743
221	828	0	-87.83862	42.45522	828	858	0	-87.90709	42.45357	833.6	863.6
222	815	0	-87.83337	42.44082	815	845	0	-87.83862	42.45522	816.7	846.7
223	785	0	-87.90709	42.45357	785	815	0	-87.83337	42.44082	791.2	821.2
224	930	0	-87.65315	41.95829	930	960	0	-87.6385	41.93948	932.4	962.4
225	730	0	-87.65065	41.70318	730	760	0	-87.6528	41.68861	731.6	761.6
226	660	0	-87.72534	41.69678	660	690	0	-87.73115	41.72198	662.8	692.8
227	798	0	-87.81936	41.88668	798	828	0	-87.79666	41.86918	800.7	830.7
228	833	0	-87.94717	41.81288	833	863	0	-88.01189	41.79358	838.8	868.8
229	772	0	-88.01189	41.79358	772	802	0	-87.94717	41.81288	777.8	807.8
230	915	0	-87.65155	41.67413	915	945	0	-87.55968	41.71283	923.8	953.8
231	785	0	-87.65975	41.66663	785	815	0	-87.65155	41.67413	786.1	816.1
232	888	0	-87.63281	41.87389	888	918	0	-88.15134	41.87903	930.9	960.9
233	745	0	-87.6528	41.68861	745	775	0	-87.63235	41.68158	746.9	776.9
234	615	0	-88.20327	41.68083	615	645	0	-88.18261	42.44853	700.4	730.4
235	712	0	-87.63835	41.72516	712	742	0	-87.65065	41.70318	714.6	744.6
236	979	0	-87.99141	41.83359	979	1009	0	-87.94321	41.91898	989.3	1019.3
237	908	0	-87.90557	42.26012	908	938	0	-87.99141	41.83359	956	986
238	972	0	-87.67515	41.87153	972	1002	0	-87.85061	41.73913	992.7	1022.7
239	930	0	-87.6398	41.94423	930	960	0	-87.6612	41.92893	932.5	962.5
240	901	0	-87.6612	41.92893	901	931	0	-87.6398	41.94423	903.5	933.5
241	865	0	-87.95991	41.76303	865	895	0	-88.11712	41.76543	878	908
242	757	0	-87.63235	41.68158	757	787	0	-87.65975	41.66663	759.8	789.8
243	645	0	-87.97567	41.89758	645	675	0	-87.97066	41.88258	646.7	676.7
244	950	0	-88.10677	41.88093	950	980	0	-88.09092	41.87719	951.4	981.4
245	880	0	-87.86159	42.18557	880	910	0	-88.10677	41.88093	919.5	949.5
246	950	0	-88.34411	42.01383	950	980	0	-88.01192	42.05903	977.9	1007.9
247	975	0	-87.73216	41.85523	975	1005	0	-87.71078	41.90655	981	1011
248	975	0	-88.17321	41.61618	975	1005	0	-88.01189	41.79358	998.9	1028.9
249	975	0	-88.33992	41.87293	975	1005	0	-88.01189	41.79358	1003.6	1033.6
250	905	0	-87.97066	41.88258	905	935	0	-87.97567	41.89758	906.7	936.7
251	680	0	-87.73115	41.72198	680	710	0	-87.6992	41.71903	682.7	712.7
252	659	0	-87.97066	41.88258	659	689	0	-87.97567	41.89758	660.7	690.7
253	690	0	-87.6992	41.71903	690	720	0	-87.7128	41.71983	691.1	721.1
254	950	0	-87.70022	42.04474	950	980	0	-87.79176	42.11608	961	991
255	925	0	-87.62905	41.89203	925	955	0	-87.70022	42.04474	943	973
256	795	0	-87.69786	42.08078	795	825	0	-87.62905	41.89203	816.8	846.8
257	695	0	-87.70296	42.05823	695	725	0	-87.69786	42.08078	697.5	727.5
258	855	0	-88.18261	42.44853	855	885	0	-88.23784	42.45587	859.6	889.6
259	755	0	-88.05509	42.46072	755	785	0	-88.18261	42.44853	765.6	795.6
260	705	0	-88.05146	41.56803	705	735	0	-88.08061	41.52493	710.4	740.4
261	885	0	-87.97567	41.89758	885	915	0	-87.97066	41.88258	886.7	916.7
262	748	0	-87.83806	41.90288	748	778	0	-87.85066	41.89483	749.4	779.4
263	945	0	-88.05146	41.56803	945	975	0	-88.10326	41.52693	951.3	981.3
264	660	0	-88.51069	42.11042	660	690	0	-88.41606	42.06853	669.1	699.1
265	626	0	-88.29308	42.18532	626	656	0	-88.51069	42.11042	645.8	675.8
266	599	0	-88.29645	42.12609	599	629	0	-88.29308	42.18532	605.6	635.6
267	945	0	-87.64155	41.89804	945	975	0	-87.86587	41.79492	966.8	996.8
268	620	0	-87.63922	41.89258	620	650	0	-87.64155	41.89804	620.6	650.6
269	930	0	-88.48433	41.59486	930	960	0	-87.99321	41.53518	971.4	1001.4
270	945	0	-88.13678	42.25172	945	975	0	-87.82386	42.42827	977.4	1007.4
271	955	0	-88.48433	41.59486	955	985	0	-87.79426	41.83163	1018.1	1048.1
272	616	0	-87.86417	42.43006	616	646	0	-87.82386	42.42827	619.3	649.3
273	730	0	-87.85761	41.90413	730	760	0	-87.83806	41.90288	731.6	761.6
274	885	0	-87.94642	42.09868	885	915	0	-88.01862	42.07488	891.5	921.5
275	810	0	-87.81877	42.13813	810	840	0	-87.86137	42.14558	813.6	843.6
276	795	0	-87.86137	42.14558	795	825	0	-87.81877	42.13813	798.6	828.6
277	660	0	-87.87701	42.17102	660	690	0	-87.86137	42.14558	663.1	693.1
278	886	0	-87.65944	42.00552	886	916	0	-87.76551	42.01488	894.8	924.8
279	855	0	-87.79696	41.96268	855	885	0	-87.65944	42.00552	867.3	897.3
280	985	0	-87.79426	41.83163	985	1015	0	-88.27197	41.76403	1025.3	1055.3
281	665	0	-87.95991	41.76303	665	695	0	-87.95676	41.79945	669.1	699.1
282	730	0	-87.97862	41.97688	730	760	0	-87.93977	41.97588	733.2	763.2
283	975	0	-88.16071	41.54369	975	1005	0	-88.10326	41.52693	980.1	1010.1
284	690	0	-88.23037	41.61465	690	720	0	-88.20327	41.68083	697.7	727.7
285	855	0	-87.59774	41.34074	855	885	0	-88.28917	42.20857	967.3	997.3
286	920	0	-87.87593	42.01723	920	950	0	-88.28917	42.20857	960.2	990.2
287	895	0	-88.18733	42.11062	895	925	0	-88.15318	42.20148	905.5	935.5
288	897	0	-87.95676	41.79945	897	927	0	-87.9727	41.78095	899.4	929.4
289	825	0	-88.51069	42.11042	825	855	0	-88.41606	42.06853	834.1	864.1
290	680	0	-87.95676	41.79945	680	710	0	-87.95991	41.76303	684.1	714.1
291	720	0	-88.08061	41.52493	720	750	0	-88.05146	41.56803	725.4	755.4
292	920	0	-88.11696	41.68008	920	950	0	-88.11281	41.64658	923.7	953.7
293	883	0	-88.01062	41.97552	883	913	0	-88.11696	41.68008	917	947
294	864	0	-88.11262	41.94573	864	894	0	-88.01062	41.97552	873.1	903.1
295	961	0	-87.66195	41.54803	961	991	0	-87.66475	41.56813	963.2	993.2
296	930	0	-87.89181	41.74772	930	960	0	-87.66195	41.54803	959.3	989.3
297	787	0	-87.85536	42.40192	787	817	0	-87.82386	42.42827	790.9	820.9
298	658	0	-87.82386	42.42827	658	688	0	-87.90709	42.45357	665.4	695.4
299	875	0	-87.95991	41.76303	875	905	0	-87.95676	41.79945	879.1	909.1
300	952	0	-87.89181	41.74772	952	982	0	-87.8083	41.71878	959.6	989.6
301	955	0	-88.10702	42.10327	955	985	0	-88.09228	42.12193	957.4	987.4
302	915	0	-88.12692	42.01883	915	945	0	-88.12837	42.03653	917	947
303	840	0	-88.17577	41.88073	840	870	0	-88.12692	42.01883	855.9	885.9
304	900	0	-87.85002	42.45532	900	930	0	-87.82637	42.47081	902.6	932.6
305	975	0	-87.86853	42.46775	975	1005	0	-87.82637	42.47081	978.5	1008.5
306	765	0	-88.07817	42.09243	765	795	0	-88.05497	42.05213	769.9	799.9
307	972	0	-87.8083	41.71878	972	1002	0	-87.7893	41.72293	973.6	1003.6
308	840	0	-88.05497	42.05213	840	870	0	-88.12837	42.03653	846.3	876.3
309	885	0	-87.97862	41.97688	885	915	0	-87.89181	41.74772	911.5	941.5
310	949	0	-87.69811	42.07498	949	979	0	-87.75407	41.97807	960.7	990.7
311	695	0	-87.7826	41.70858	695	725	0	-87.7893	41.72293	696.7	726.7
312	915	0	-87.68191	42.02293	915	945	0	-87.7464	42.00608	920.6	950.6
313	940	0	-87.7464	42.00608	940	970	0	-87.75407	41.97807	943.2	973.2
314	680	0	-87.81887	42.16363	680	710	0	-87.81272	42.18952	682.9	712.9
315	975	0	-88.08542	42.00128	975	1005	0	-88.13667	42.03598	980.7	1010.7
316	805	0	-87.78154	41.63582	805	835	0	-87.82215	41.69468	812.4	842.4
317	775	0	-88.23412	41.73593	775	805	0	-88.18272	41.76293	780.2	810.2
318	691	0	-87.82215	41.69468	691	721	0	-87.75776	41.65403	698	728
319	707	0	-87.75776	41.65403	707	737	0	-87.78695	41.66088	709.5	739.5
320	785	0	-87.78695	41.66088	785	815	0	-87.75776	41.65403	787.5	817.5
321	690	0	-88.24769	41.7497	690	720	0	-88.23412	41.73593	691.9	721.9
322	975	0	-88.18733	42.11062	975	1005	0	-88.12837	42.03653	984.6	1014.6
323	790	0	-87.75776	41.65403	790	820	0	-87.78154	41.63582	792.8	822.8
324	600	0	-87.7893	41.72293	600	630	0	-87.8204	41.66277	607.2	637.2
325	895	0	-88.09046	42.03808	895	925	0	-88.08922	42.05793	897.2	927.2
326	880	0	-88.08047	42.01618	880	910	0	-88.09046	42.03808	882.6	912.6
327	730	0	-88.10102	41.91203	730	760	0	-88.03427	41.88168	736.5	766.5
328	825	0	-87.82215	41.69468	825	855	0	-87.78695	41.66088	829.8	859.8
329	675	0	-87.96496	41.84653	675	705	0	-88.10102	41.91203	688.4	718.4
330	885	0	-88.12837	42.03653	885	915	0	-87.98632	42.09898	898.6	928.6
331	655	0	-88.19702	41.79558	655	685	0	-88.24769	41.7497	661.6	691.6
332	925	0	-88.13065	41.79773	925	955	0	-88.10801	41.80543	927.1	957.1
333	680	0	-87.8204	41.66277	680	710	0	-87.7826	41.70858	686	716
334	825	0	-88.07636	41.79868	825	855	0	-88.11712	41.76543	830	860
335	960	0	-88.44044	42.30707	960	990	0	-88.28917	42.20857	976.6	1006.6
336	970	0	-87.82666	41.95958	970	1000	0	-87.81271	41.94883	971.7	1001.7
337	733	0	-87.82181	41.97743	733	763	0	-87.82666	41.95958	735	765
338	972	0	-88.33814	41.75773	972	1002	0	-88.33992	41.78258	974.8	1004.8
339	668	0	-87.79641	41.94172	668	698	0	-87.82681	41.97088	672.1	702.1
340	710	0	-88.28917	42.20857	710	740	0	-88.31367	42.2335	713.4	743.4
341	695	0	-87.81272	42.18952	695	725	0	-87.77651	42.16537	699	729
342	590	0	-87.77651	42.16537	590	620	0	-87.73304	42.08683	599.4	629.4
343	620	0	-87.73304	42.08683	620	650	0	-87.81102	42.16718	631	661
344	665	0	-87.81102	42.16718	665	695	0	-87.81887	42.16363	665.8	695.8
345	735	0	-87.99039	41.94178	735	765	0	-87.92571	41.79848	751.8	781.8
346	690	0	-88.05712	41.91553	690	720	0	-87.99039	41.94178	696.2	726.2
347	735	0	-87.7929	41.69214	735	765	0	-87.7826	41.70858	737	767
348	915	0	-88.3198	41.78323	915	945	0	-88.27658	42.05472	945.4	975.4
349	945	0	-88.33992	41.78258	945	975	0	-88.33814	41.75773	947.8	977.8
350	740	0	-88.34732	41.73418	740	770	0	-88.33992	41.78258	745.4	775.4
351	945	0	-88.33992	41.78258	945	975	0	-88.33814	41.75773	947.8	977.8
352	802	0	-87.6525	41.89269	802	832	0	-87.70201	41.90473	806.3	836.3
353	795	0	-87.71246	41.93553	795	825	0	-87.6525	41.89269	801.9	831.9
354	695	0	-88.18272	41.76293	695	725	0	-88.34732	41.73418	709	739
355	795	0	-88.05622	41.93693	795	825	0	-88.23412	41.73593	821.8	851.8
356	886	0	-88.13275	41.74588	886	916	0	-88.18272	41.76293	890.6	920.6
357	960	0	-88.44044	42.30707	960	990	0	-88.28917	42.20857	976.6	1006.6
358	915	0	-88.26836	42.28477	915	945	0	-88.44044	42.30707	929.4	959.4
359	885	0	-88.31465	42.29472	885	915	0	-88.26836	42.28477	889	919
360	890	0	-88.26836	42.28477	890	920	0	-88.35929	42.17937	903.9	933.9
361	785	0	-88.28917	42.20857	785	815	0	-88.26836	42.28477	793.6	823.6
362	721	0	-88.31367	42.2335	721	751	0	-88.28917	42.20857	724.4	754.4
363	735	0	-87.70201	41.90473	735	765	0	-87.71246	41.93553	738.5	768.5
364	763	0	-88.05622	41.93693	763	793	0	-87.99787	42.02243	773.7	803.7
365	855	0	-88.18272	41.76293	855	885	0	-88.13275	41.74588	859.6	889.6
366	880	0	-88.13297	41.91573	880	910	0	-88.12297	41.92703	881.5	911.5
367	870	0	-88.12297	41.92703	870	900	0	-88.13297	41.91573	871.5	901.5
368	735	0	-88.10102	41.91203	735	765	0	-88.12297	41.92703	737.5	767.5
369	725	0	-88.13297	41.91573	725	755	0	-88.10102	41.91203	727.7	757.7
370	591	0	-87.66479	41.51698	591	621	0	-87.74031	41.78952	622	652
371	945	0	-88.05497	42.05213	945	975	0	-87.95377	42.13143	957.1	987.1
372	655	0	-87.74031	41.78952	655	685	0	-87.8599	41.62298	676	706
373	695	0	-87.60985	41.63353	695	725	0	-87.57339	41.63373	698	728
374	615	0	-87.57339	41.63373	615	645	0	-87.60985	41.63353	618	648
375	775	0	-88.08047	42.01618	775	805	0	-88.14543	42.05328	781.8	811.8
376	690	0	-88.14543	42.05328	690	720	0	-88.08047	42.01618	696.8	726.8
377	975	0	-87.57099	41.58928	975	1005	0	-88.07966	41.48835	1018.8	1048.8
378	930	0	-87.53689	41.60493	930	960	0	-87.57099	41.58928	933.3	963.3
379	695	0	-88.12297	41.92703	695	725	0	-88.13297	41.91573	696.5	726.5
380	800	0	-87.7826	41.70858	800	830	0	-87.7693	41.69743	801.7	831.7
381	885	0	-87.62149	41.87077	885	915	0	-87.63281	41.87389	886	916
382	845	0	-87.84522	41.86037	845	875	0	-87.62149	41.87077	863.6	893.6
383	977	0	-88.21201	42.26192	977	1007	0	-88.22603	42.30057	981.5	1011.5
384	730	0	-88.22603	42.30057	730	760	0	-88.21201	42.26192	734.5	764.5
385	704	0	-88.21201	42.26192	704	734	0	-88.22603	42.30057	708.5	738.5
386	915	0	-88.12297	41.92703	915	945	0	-88.13297	41.91573	916.5	946.5
387	736	0	-88.21201	42.26192	736	766	0	-88.22603	42.30057	740.5	770.5
388	708	0	-88.13678	42.25172	708	738	0	-88.14263	42.29377	712.7	742.7
389	905	0	-87.61166	41.72443	905	935	0	-87.79176	41.79583	921.9	951.9
390	615	0	-87.7366	41.60508	615	645	0	-87.69024	41.45748	631.9	661.9
391	945	0	-87.725	41.49893	945	975	0	-87.64761	41.50978	951.6	981.6
392	855	0	-87.8599	41.62298	855	885	0	-87.725	41.49893	872.8	902.8
393	675	0	-87.69024	41.45748	675	705	0	-87.8216	41.53973	689.3	719.3
394	915	0	-87.8216	41.53973	915	945	0	-87.69024	41.45748	929.3	959.3
395	775	0	-88.22603	42.30057	775	805	0	-88.21201	42.26192	779.5	809.5
396	933	0	-87.67171	41.98001	933	963	0	-87.67916	42.04668	940.4	970.4
397	827	0	-88.1614	41.57273	827	857	0	-87.90223	41.77333	858	888
398	740	0	-88.17321	41.61618	740	770	0	-88.1614	41.57273	744.9	774.9
399	659	0	-88.1614	41.57273	659	689	0	-88.17321	41.61618	663.9	693.9
400	620	0	-88.35469	42.45565	620	650	0	-88.15144	42.44762	636.7	666.7
401	735	0	-88.11543	42.37481	735	765	0	-87.82087	42.37077	759.2	789.2
402	780	0	-87.6019	41.53923	780	810	0	-87.53689	41.60493	789.1	819.1
403	955	0	-87.67916	42.04668	955	985	0	-87.6855	42.03765	956.1	986.1
404	790	0	-87.95642	42.22292	790	820	0	-87.90557	42.26012	795.9	825.9
405	855	0	-87.67916	42.04668	855	885	0	-87.67171	41.98001	862.4	892.4
406	835	0	-87.67706	42.05508	835	865	0	-87.67916	42.04668	836	866
407	945	0	-88.18272	41.76293	945	975	0	-88.21969	41.76139	948.1	978.1
408	795	0	-87.82087	42.37077	795	825	0	-87.94328	42.35314	805.2	835.2
409	650	0	-87.75776	41.65403	650	680	0	-87.78695	41.66088	652.5	682.5
410	915	0	-88.10801	41.80543	915	945	0	-88.13065	41.79773	917.1	947.1
411	888	0	-88.53279	42.02418	888	918	0	-87.61537	41.85908	966.1	996.1
412	975	0	-88.08441	41.77098	975	1005	0	-88.19702	41.79558	984.7	1014.7
413	675	0	-87.78695	41.66088	675	705	0	-87.82215	41.69468	679.8	709.8
414	676	0	-87.98918	42.27522	676	706	0	-88.13678	42.25172	688.4	718.4
415	985	0	-87.99787	42.02243	985	1015	0	-87.97862	41.97688	990.3	1020.3
416	983	0	-88.05622	41.93693	983	1013	0	-88.06297	41.98123	988	1018
417	930	0	-87.65855	41.85587	930	960	0	-87.7519	41.77658	941.7	971.7
418	950	0	-87.93097	42.04468	950	980	0	-88.05497	42.05213	960.3	990.3
419	853	0	-88.05622	41.93693	853	883	0	-88.09702	41.96673	857.7	887.7
420	960	0	-87.7549	41.69818	960	990	0	-87.7519	41.77658	968.7	998.7
421	795	0	-88.09702	41.96673	795	825	0	-88.05622	41.93693	799.7	829.7
422	975	0	-87.82215	41.69468	975	1005	0	-87.73135	41.73128	983.6	1013.6
423	765	0	-87.96192	42.24721	765	795	0	-87.95642	42.22292	767.7	797.7
424	890	0	-88.17702	41.74643	890	920	0	-88.08441	41.77098	898.2	928.2
425	930	0	-88.17321	41.61618	930	960	0	-88.1614	41.57273	934.9	964.9
426	585	0	-88.16773	41.50019	585	615	0	-88.17321	41.61618	597.9	627.9
427	720	0	-88.14263	42.29377	720	750	0	-88.13678	42.25172	724.7	754.7
428	925	0	-87.84781	42.03253	925	955	0	-87.93097	42.04468	932	962
429	833	0	-87.94717	41.81288	833	863	0	-87.71636	42.02268	863.2	893.2
430	896	0	-88.12302	41.84228	896	926	0	-88.12257	41.85557	897.5	927.5
431	945	0	-87.87701	42.17102	945	975	0	-88.03706	42.25514	961.2	991.2
432	599	0	-87.93196	41.77508	599	629	0	-87.95991	41.76303	601.7	631.7
433	825	0	-88.10276	41.61618	825	855	0	-88.2864	41.87973	858	888
434	660	0	-88.09916	41.58047	660	690	0	-88.10276	41.61618	664	694
435	726	0	-88.09102	41.86333	726	756	0	-88.11012	41.86383	727.6	757.6
436	930	0	-87.71636	42.02268	930	960	0	-87.76176	41.96038	937.9	967.9
437	600	0	-87.70666	41.97838	600	630	0	-87.68186	41.97231	602.2	632.2
438	752	0	-87.6962	41.83723	752	782	0	-87.94717	41.81288	773	803
439	685	0	-87.68165	41.88593	685	715	0	-87.6962	41.83723	690.5	720.5
440	586	0	-87.69495	41.66458	586	616	0	-87.68412	41.66631	586.9	616.9
441	975	0	-87.64155	41.89804	975	1005	0	-87.76786	42.13603	1003.5	1033.5
442	695	0	-88.18272	41.76293	695	725	0	-88.33901	41.67931	711	741
443	935	0	-88.20327	41.68083	935	965	0	-88.33901	41.67931	946.3	976.3
444	972	0	-87.76176	41.96038	972	1002	0	-87.76131	41.93483	974.8	1004.8
445	645	0	-87.78701	42.00953	645	675	0	-87.75871	41.99533	647.8	677.8
446	890	0	-87.79176	42.11608	890	920	0	-87.89462	42.39236	921.9	951.9
447	615	0	-87.63235	41.68158	615	645	0	-87.69495	41.66458	620.5	650.5
448	635	0	-87.632	41.84188	635	665	0	-87.6343	41.66754	654.4	684.4
449	720	0	-87.6343	41.66754	720	750	0	-87.6657	41.60613	727.3	757.3
450	645	0	-87.619	41.72548	645	675	0	-87.56619	41.60383	659.2	689.2
451	609	0	-88.09092	41.87719	609	639	0	-88.09102	41.86333	610.5	640.5
452	915	0	-87.72806	41.88422	915	945	0	-87.75871	41.99533	927.6	957.6
453	667	0	-88.13632	41.84998	667	697	0	-88.19676	41.82623	672.7	702.7
454	900	0	-87.61537	41.85908	900	930	0	-88.14543	42.05328	948.9	978.9
455	665	0	-88.14543	42.05328	665	695	0	-88.16007	42.01878	669	699
456	765	0	-87.8059	41.75493	765	795	0	-87.7914	41.78123	768.2	798.2
457	715	0	-87.68136	41.93043	715	745	0	-87.70021	41.94298	717.1	747.1
458	700	0	-87.82681	41.97088	700	730	0	-87.82181	41.97743	700.8	730.8
459	650	0	-87.68186	41.97231	650	680	0	-87.68136	41.93043	654.7	684.7
460	805	0	-87.6657	41.60613	805	835	0	-87.72806	41.88422	836.4	866.4
461	847	0	-88.01272	42.02523	847	877	0	-88.01027	41.93968	856.5	886.5
462	975	0	-87.8277	41.72558	975	1005	0	-87.83221	41.71093	976.7	1006.7
463	905	0	-87.81835	41.68913	905	935	0	-87.67695	41.71371	917.1	947.1
464	665	0	-88.07146	41.83718	665	695	0	-88.07522	41.86658	668.3	698.3
465	872	0	-87.83765	41.72533	872	902	0	-87.8277	41.72558	872.8	902.8
466	857	0	-87.8083	41.71878	857	887	0	-87.83765	41.72533	859.5	889.5
467	930	0	-88.05968	41.83733	930	960	0	-87.98301	41.85888	936.8	966.8
468	881	0	-88.01027	41.93968	881	911	0	-88.01062	41.97552	885	915
469	855	0	-87.7585	41.67328	855	885	0	-87.67695	41.71371	863.1	893.1
470	710	0	-88.07522	41.86658	710	740	0	-88.07146	41.83718	713.3	743.3
471	763	0	-88.01027	41.93968	763	793	0	-88.01272	42.02523	772.5	802.5
472	746	0	-88.01062	41.97552	746	776	0	-88.01027	41.93968	750	780
473	611	0	-88.14543	42.05328	611	641	0	-88.01062	41.97552	625.1	655.1
474	840	0	-88.07146	41.83718	840	870	0	-88.07522	41.86658	843.3	873.3
475	970	0	-87.69472	41.9905	970	1000	0	-87.69922	42.00123	971.3	1001.3
476	840	0	-87.8277	41.72558	840	870	0	-87.8083	41.71878	841.8	871.8
477	630	0	-87.89181	41.74772	630	660	0	-87.92986	41.73753	633.4	663.4
478	765	0	-87.70021	41.94298	765	795	0	-87.71856	41.97768	769.1	799.1
479	681	0	-88.19676	41.82623	681	711	0	-88.13632	41.84998	686.7	716.7
480	885	0	-87.78695	41.66088	885	915	0	-88.13632	41.84998	920.8	950.8
481	706	0	-88.22322	42.00843	706	736	0	-87.94361	41.93803	730.4	760.4
482	895	0	-87.94361	41.93803	895	925	0	-88.05497	42.05213	910.7	940.7
483	930	0	-88.05497	42.05213	930	960	0	-88.08922	42.05793	932.9	962.9
484	985	0	-87.82215	41.69468	985	1015	0	-87.67695	41.71371	997.2	1027.2
485	698	0	-87.92986	41.73753	698	728	0	-87.7375	41.69658	714.6	744.6
486	915	0	-87.67695	41.71371	915	945	0	-87.82215	41.69468	927.2	957.2
487	600	0	-87.92986	41.73753	600	630	0	-87.89181	41.74772	603.4	633.4
488	975	0	-87.6749	41.86293	975	1005	0	-87.74936	41.94228	985.8	1015.8
489	765	0	-87.66405	41.86918	765	795	0	-87.6749	41.86293	766.1	796.1
490	690	0	-87.6749	41.86293	690	720	0	-87.66405	41.86918	691.1	721.1
491	685	0	-87.7929	41.69214	685	715	0	-87.7585	41.67328	688.5	718.5
492	725	0	-87.79841	41.92718	725	755	0	-87.63281	41.87389	739.9	769.9
493	900	0	-87.7375	41.69658	900	930	0	-87.92986	41.73753	916.6	946.6
494	930	0	-87.90832	42.35854	930	960	0	-87.82637	42.47081	944.2	974.2
495	740	0	-87.65776	41.99424	740	770	0	-87.74253	41.96426	747.8	777.8
496	725	0	-87.66657	42.01608	725	755	0	-87.65776	41.99424	727.5	757.5
497	605	0	-87.65944	42.00552	605	635	0	-87.66657	42.01608	606.3	636.3
498	855	0	-87.74253	41.96426	855	885	0	-87.65776	41.99424	862.8	892.8
499	970	0	-87.95642	42.22292	970	1000	0	-87.94942	42.20828	971.7	1001.7
500	948	0	-88.13678	42.25172	948	978	0	-88.26594	42.36827	964.8	994.8
501	615	0	-87.61537	41.85908	615	645	0	-87.65599	41.91433	622	652
502	645	0	-87.65599	41.91433	645	675	0	-87.67126	41.92083	646.5	676.5
503	985	0	-88.3246	41.74376	985	1015	0	-88.32038	41.76493	987.4	1017.4
504	635	0	-87.69495	41.66458	635	665	0	-87.6343	41.66754	640	670
505	915	0	-87.84002	42.10193	915	945	0	-88.26594	42.36827	960.9	990.9
506	660	0	-87.77141	41.94208	660	690	0	-87.76166	41.94218	660.8	690.8
507	585	0	-87.87058	42.35428	585	615	0	-87.86853	42.46775	597.6	627.6
508	865	0	-87.78935	41.88329	865	895	0	-87.85526	41.91853	871.7	901.7
509	885	0	-87.90852	41.97868	885	915	0	-87.67545	41.92873	905.1	935.1
510	945	0	-87.67545	41.92873	945	975	0	-87.68196	41.93593	946	976
511	665	0	-87.6359	41.90748	665	695	0	-87.64635	41.92188	666.8	696.8
512	810	0	-87.64635	41.92188	810	840	0	-87.67376	41.90683	812.8	842.8
513	975	0	-88.06941	41.54263	975	1005	0	-88.08016	41.51528	978.2	1008.2
514	750	0	-88.03706	42.25514	750	780	0	-87.95642	42.22292	757.5	787.5
515	948	0	-87.78935	41.88329	948	978	0	-87.78219	41.89163	949.1	979.1
516	675	0	-87.95642	42.22292	675	705	0	-88.03706	42.25514	682.5	712.5
517	654	0	-87.7712	41.76153	654	684	0	-87.63172	41.74343	665.7	695.7
518	675	0	-87.63172	41.74343	675	705	0	-87.8059	41.75493	689.5	719.5
519	765	0	-87.86853	42.46775	765	795	0	-87.90832	42.35854	777.6	807.6
520	895	0	-88.31465	42.29472	895	925	0	-88.14498	42.22658	910.9	940.9
521	665	0	-87.73856	42.09893	665	695	0	-87.6208	41.88486	690.7	720.7
522	865	0	-87.6208	41.88486	865	895	0	-88.13833	42.17237	918.4	948.4
523	880	0	-88.09162	41.83683	880	910	0	-88.12302	41.84228	882.7	912.7
524	975	0	-88.13833	42.17237	975	1005	0	-88.08878	42.18838	979.5	1009.5
525	840	0	-88.14498	42.22658	840	870	0	-88.13833	42.17237	846.1	876.1
526	865	0	-88.13833	42.17237	865	895	0	-88.07178	42.14213	871.4	901.4
527	885	0	-88.07178	42.14213	885	915	0	-88.14498	42.22658	896.2	926.2
528	825	0	-88.11012	41.86383	825	855	0	-88.09162	41.83683	828.4	858.4
529	760	0	-88.12257	41.85557	760	790	0	-88.11012	41.86383	761.4	791.4
530	665	0	-87.99362	42.07443	665	695	0	-87.84002	42.10193	678	708
531	795	0	-88.3208	41.85438	795	825	0	-88.33992	41.87293	797.6	827.6
532	660	0	-88.13065	41.79773	660	690	0	-88.16802	41.79703	663.1	693.1
533	855	0	-88.46104	42.31407	855	885	0	-88.33984	41.76578	916.8	946.8
534	930	0	-87.85066	41.89483	930	960	0	-87.90496	41.91413	935	965
535	825	0	-87.90496	41.91413	825	855	0	-87.85066	41.89483	830	860
536	765	0	-87.85066	41.89483	765	795	0	-87.90496	41.91413	770	800
537	660	0	-88.13065	41.79773	660	690	0	-88.16802	41.79703	663.1	693.1
538	843	0	-87.9727	41.78095	843	873	0	-87.95991	41.76303	845.3	875.3
539	679	0	-88.1614	41.57273	679	709	0	-88.11696	41.68008	691.5	721.5
540	800	0	-87.7826	41.70858	800	830	0	-87.7693	41.69743	801.7	831.7
541	735	0	-87.7929	41.69214	735	765	0	-87.7826	41.70858	737	767
542	855	0	-87.63226	41.90033	855	885	0	-87.631	41.90763	855.8	885.8
543	680	0	-87.95676	41.79945	680	710	0	-87.95991	41.76303	684.1	714.1
544	855	0	-87.74253	41.96426	855	885	0	-87.65776	41.99424	862.8	892.8
545	897	0	-87.95676	41.79945	897	927	0	-87.9727	41.78095	899.4	929.4
546	675	0	-88.03347	42.17547	675	705	0	-87.99362	42.07443	686.7	716.7
547	665	0	-87.95991	41.76303	665	695	0	-87.95676	41.79945	669.1	699.1
548	985	0	-88.23412	41.73593	985	1015	0	-88.21969	41.76139	988.1	1018.1
549	985	0	-88.23412	41.73593	985	1015	0	-88.21969	41.76139	988.1	1018.1
550	875	0	-87.92797	42.36322	875	905	0	-87.89462	42.39236	879.2	909.2
551	638	0	-87.88081	41.80668	638	668	0	-87.84424	41.77083	643	673
552	680	0	-87.95676	41.79945	680	710	0	-87.95991	41.76303	684.1	714.1
553	875	0	-87.95991	41.76303	875	905	0	-87.95676	41.79945	879.1	909.1
554	650	0	-87.75776	41.65403	650	680	0	-87.78695	41.66088	652.5	682.5
555	897	0	-87.95676	41.79945	897	927	0	-87.9727	41.78095	899.4	929.4
556	680	0	-87.81887	42.16363	680	710	0	-87.81272	42.18952	682.9	712.9
557	695	0	-87.81272	42.18952	695	725	0	-87.77651	42.16537	699	729
558	875	0	-87.95991	41.76303	875	905	0	-87.95676	41.79945	879.1	909.1
559	972	0	-88.33814	41.75773	972	1002	0	-88.33992	41.78258	974.8	1004.8
560	585	0	-87.63313	41.88483	585	615	0	-87.98992	42.08538	622	652
561	623	0	-87.86587	41.79492	623	653	0	-87.88081	41.80668	624.8	654.8
562	825	0	-87.68536	42.00869	825	855	0	-87.66426	41.97283	829.4	859.4
563	616	0	-87.89811	41.81163	616	646	0	-87.86587	41.79492	619.3	649.3
564	915	0	-87.66426	41.97283	915	945	0	-87.65558	41.98719	916.8	946.8
565	825	0	-87.82215	41.69468	825	855	0	-87.78695	41.66088	829.8	859.8
566	608	0	-87.92986	41.73753	608	638	0	-87.89811	41.81163	616.7	646.7
567	805	0	-87.78154	41.63582	805	835	0	-87.82215	41.69468	812.4	842.4
568	795	0	-88.3208	41.85438	795	825	0	-88.33992	41.87293	797.6	827.6
569	795	0	-88.3208	41.85438	795	825	0	-88.33992	41.87293	797.6	827.6
570	825	0	-87.82215	41.69468	825	855	0	-87.78695	41.66088	829.8	859.8
571	945	0	-87.99362	42.07443	945	975	0	-88.01657	42.08168	947.1	977.1
572	675	0	-88.03347	42.17547	675	705	0	-87.99362	42.07443	686.7	716.7
573	945	0	-87.99362	42.07443	945	975	0	-87.98992	42.08538	946.3	976.3
574	655	0	-88.33992	41.78258	655	685	0	-88.18272	41.76293	668.2	698.2
575	855	0	-88.05795	41.69235	855	885	0	-88.11696	41.68008	860.1	890.1
576	945	0	-88.05795	41.69235	945	975	0	-88.11696	41.68008	950.1	980.1
577	855	0	-88.05795	41.69235	855	885	0	-88.11696	41.68008	860.1	890.1
578	880	0	-87.82622	42.45242	880	910	0	-87.63226	41.90033	943.5	973.5
579	775	0	-87.84424	41.77083	775	805	0	-87.9727	41.78095	785.7	815.7
580	875	0	-87.93537	42.13432	875	905	0	-87.95377	42.13143	876.6	906.6
581	588	0	-87.98992	42.08538	588	618	0	-88.03347	42.17547	598.6	628.6
582	585	0	-87.63313	41.88483	585	615	0	-87.98992	42.08538	622	652
583	588	0	-87.98992	42.08538	588	618	0	-88.03347	42.17547	598.6	628.6
584	795	0	-87.82087	42.37077	795	825	0	-87.94328	42.35314	805.2	835.2
585	933	0	-87.67171	41.98001	933	963	0	-87.67916	42.04668	940.4	970.4
586	675	0	-87.78695	41.66088	675	705	0	-87.82215	41.69468	679.8	709.8
587	700	0	-88.20327	41.68083	700	730	0	-88.07636	41.79868	716.8	746.8
588	932	0	-88.29013	42.00048	932	962	0	-88.25502	42.01598	935.4	965.4
589	730	0	-87.6525	41.89269	730	760	0	-87.71246	41.93553	736.9	766.9
590	975	0	-88.06941	41.54263	975	1005	0	-88.08016	41.51528	978.2	1008.2
591	665	0	-88.14543	42.05328	665	695	0	-88.16007	42.01878	669	699
592	855	0	-87.56619	41.60383	855	885	0	-87.619	41.72548	869.2	899.2
593	915	0	-87.619	41.72548	915	945	0	-87.6343	41.66754	921.6	951.6
594	865	0	-88.13833	42.17237	865	895	0	-88.07178	42.14213	871.4	901.4
595	585	0	-87.86787	42.13093	585	615	0	-87.81877	42.13813	589.1	619.1
596	885	0	-87.79131	41.89511	885	915	0	-87.7806	41.87633	887.3	917.3
597	925	0	-87.96802	42.11708	925	955	0	-87.99752	42.12203	927.5	957.5
598	735	0	-87.78271	41.99006	735	765	0	-87.7464	42.00608	738.5	768.5
599	700	0	-88.20327	41.68083	700	730	0	-88.07636	41.79868	716.8	746.8
600	885	0	-88.07178	42.14213	885	915	0	-88.14498	42.22658	896.2	926.2
601	885	0	-87.7944	41.72703	885	915	0	-87.7893	41.72293	885.6	915.6
602	713	0	-88.32093	41.88843	713	743	0	-88.33518	42.16532	743.8	773.8
603	975	0	-88.06941	41.54263	975	1005	0	-88.08016	41.51528	978.2	1008.2
604	915	0	-88.41359	42.28267	915	945	0	-88.44044	42.30707	918.5	948.5
605	605	0	-87.82346	42.01501	605	635	0	-87.84781	42.03253	607.8	637.8
606	885	0	-88.13275	41.74588	885	915	0	-88.18272	41.76293	889.6	919.6
607	945	0	-88.18272	41.76293	945	975	0	-88.21969	41.76139	948.1	978.1
608	885	0	-88.31465	42.29472	885	915	0	-88.26836	42.28477	889	919
609	630	0	-87.89181	41.74772	630	660	0	-87.92986	41.73753	633.4	663.4
610	845	0	-87.75856	42.05638	845	875	0	-88.32222	41.90353	894.6	924.6
611	605	0	-87.82346	42.01501	605	635	0	-87.84781	42.03253	607.8	637.8
612	935	0	-87.7806	41.87633	935	965	0	-87.81636	41.87598	938	968
613	875	0	-88.01882	41.86793	875	905	0	-88.02116	41.84633	877.4	907.4
614	801	0	-88.00861	41.84698	801	831	0	-88.01882	41.86793	803.5	833.5
615	660	0	-88.4125	41.3766	660	690	0	-88.2944	41.25825	676.5	706.5
616	881	0	-87.86787	42.13093	881	911	0	-88.21399	42.40154	922.4	952.4
617	802	0	-87.95069	42.17452	802	832	0	-87.86787	42.13093	810.4	840.4
618	678	0	-87.93537	42.13432	678	708	0	-87.95069	42.17452	682.6	712.6
619	585	0	-87.76551	42.01488	585	615	0	-87.7464	42.00608	586.9	616.9
620	933	0	-87.67171	41.98001	933	963	0	-87.67916	42.04668	940.4	970.4
621	705	0	-87.7464	42.00608	705	735	0	-87.78271	41.99006	708.5	738.5
622	890	0	-88.32222	41.90353	890	920	0	-88.43233	41.84842	901	931
623	875	0	-88.01246	41.82923	875	905	0	-87.92571	41.79848	883	913
624	735	0	-87.78271	41.99006	735	765	0	-87.7464	42.00608	738.5	768.5
625	705	0	-87.7464	42.00608	705	735	0	-87.78271	41.99006	708.5	738.5
626	885	0	-88.07178	42.14213	885	915	0	-88.14498	42.22658	896.2	926.2
627	885	0	-88.07178	42.14213	885	915	0	-88.14498	42.22658	896.2	926.2
628	585	0	-87.76551	42.01488	585	615	0	-87.7464	42.00608	586.9	616.9
629	915	0	-87.7464	42.00608	915	945	0	-87.73676	42.00623	915.8	945.8
630	615	0	-88.01272	42.02523	615	645	0	-88.05497	42.05213	619.6	649.6
631	617	0	-87.81877	42.13813	617	647	0	-87.93537	42.13432	626.6	656.6
632	655	0	-87.74031	41.78952	655	685	0	-87.8599	41.62298	676	706
633	795	0	-87.93327	42.05883	795	825	0	-88.08047	42.01618	808.1	838.1
634	905	0	-87.78621	42.03218	905	935	0	-87.8367	42.04728	909.5	939.5
635	950	0	-87.70022	42.04474	950	980	0	-87.79176	42.11608	961	991
636	793	0	-88.20327	41.68083	793	823	0	-88.18272	41.76293	802.3	832.3
637	705	0	-88.11065	41.6985	705	735	0	-88.05795	41.69235	709.4	739.4
638	835	0	-88.18272	41.76293	835	865	0	-88.16687	41.76818	836.4	866.4
639	926	0	-88.16687	41.76818	926	956	0	-88.33901	41.67931	943.4	973.4
640	706	0	-87.586	41.80108	706	736	0	-87.59439	41.80603	706.9	736.9
641	815	0	-87.59439	41.80603	815	845	0	-87.59897	41.79042	816.8	846.8
642	890	0	-88.17702	41.74643	890	920	0	-88.08441	41.77098	898.2	928.2
643	591	0	-87.66479	41.51698	591	621	0	-87.74031	41.78952	622	652
644	900	0	-87.97066	41.88258	900	930	0	-87.97567	41.89758	901.7	931.7
645	855	0	-87.8599	41.62298	855	885	0	-87.725	41.49893	872.8	902.8
646	930	0	-87.6398	41.94423	930	960	0	-87.6612	41.92893	932.5	962.5
647	830	0	-87.59897	41.79042	830	860	0	-87.59439	41.80603	831.8	861.8
648	830	0	-87.59897	41.79042	830	860	0	-87.59439	41.80603	831.8	861.8
649	932	0	-88.12877	41.86924	932	962	0	-88.12987	41.88003	933.2	963.2
650	945	0	-87.725	41.49893	945	975	0	-87.64761	41.50978	951.6	981.6
651	930	0	-87.5941	41.79042	930	960	0	-87.62024	41.89843	942.2	972.2
652	690	0	-88.23037	41.61465	690	720	0	-88.20327	41.68083	697.7	727.7
653	690	0	-88.23037	41.61465	690	720	0	-88.20327	41.68083	697.7	727.7
654	885	0	-88.32093	41.88843	885	915	0	-88.43233	41.84842	895.2	925.2
655	975	0	-88.3198	41.78323	975	1005	0	-88.32038	41.76493	977	1007
656	705	0	-88.13667	42.03598	705	735	0	-88.32082	42.08492	721.1	751.1
657	925	0	-87.84781	42.03253	925	955	0	-87.86881	42.03597	926.8	956.8
658	665	0	-87.86881	42.03597	665	695	0	-87.84781	42.03253	666.8	696.8
659	955	0	-87.82611	42.03298	955	985	0	-87.86881	42.03597	958.5	988.5
660	865	0	-88.13833	42.17237	865	895	0	-88.07178	42.14213	871.4	901.4
661	645	0	-88.27493	41.74188	645	675	0	-88.32038	41.76493	649.6	679.6
662	955	0	-87.67916	42.04668	955	985	0	-87.6855	42.03765	956.1	986.1
663	825	0	-88.32038	41.76493	825	855	0	-88.36279	41.77186	828.6	858.6
664	850	0	-88.08047	42.01618	850	880	0	-88.23412	41.73593	883.7	913.7
665	772	0	-88.33518	42.16532	772	802	0	-87.75856	42.05638	821.1	851.1
666	695	0	-88.05497	42.05213	695	725	0	-87.93327	42.05883	705.1	735.1
667	872	0	-87.83765	41.72533	872	902	0	-87.8277	41.72558	872.8	902.8
668	872	0	-87.83765	41.72533	872	902	0	-87.8277	41.72558	872.8	902.8
669	955	0	-87.67916	42.04668	955	985	0	-87.6855	42.03765	956.1	986.1
670	872	0	-87.83765	41.72533	872	902	0	-87.8277	41.72558	872.8	902.8
671	947	0	-87.6946	41.90789	947	977	0	-87.71078	41.90655	948.3	978.3
672	745	0	-87.55968	41.71283	745	775	0	-87.66425	41.70308	753.7	783.7
673	905	0	-87.78621	42.03218	905	935	0	-87.8367	42.04728	909.5	939.5
674	857	0	-87.8083	41.71878	857	887	0	-87.83765	41.72533	859.5	889.5
675	900	0	-87.97066	41.88258	900	930	0	-87.97567	41.89758	901.7	931.7
676	850	0	-88.36279	41.77186	850	880	0	-88.32038	41.76493	853.6	883.6
677	930	0	-87.65315	41.95829	930	960	0	-87.6385	41.93948	932.4	962.4
678	915	0	-87.78186	41.96066	915	945	0	-87.72291	41.96458	919.9	949.9
679	635	0	-87.65944	42.00552	635	665	0	-87.66577	41.99422	636.4	666.4
680	943	0	-87.61155	41.89263	943	973	0	-87.6635	42.00552	956.3	986.3
681	961	0	-87.6208	41.88486	961	991	0	-87.78219	41.89163	974.4	1004.4
682	945	0	-87.63281	41.87389	945	975	0	-87.65125	41.92183	950.5	980.5
683	720	0	-87.62149	41.87077	720	750	0	-87.61663	41.87773	720.9	750.9
684	985	0	-87.65125	41.92183	985	1015	0	-87.64971	41.97363	990.8	1020.8
685	765	0	-88.36279	41.77186	765	795	0	-88.31447	41.75715	769.3	799.3
686	975	0	-87.63281	41.87389	975	1005	0	-87.91331	41.80392	999.5	1029.5
687	705	0	-88.16977	41.99553	705	735	0	-88.16007	42.01878	707.7	737.7
688	859	0	-88.12987	41.88003	859	889	0	-88.12877	41.86924	860.2	890.2
689	852	0	-88.28802	41.93353	852	882	0	-88.28751	41.90971	854.7	884.7
690	885	0	-88.09201	41.53783	885	915	0	-88.10326	41.52693	886.5	916.5
691	848	0	-87.76176	41.96038	848	878	0	-87.69922	42.00123	854.9	884.9
692	815	0	-87.80335	41.59114	815	845	0	-87.7787	41.56605	818.5	848.5
693	735	0	-87.61155	41.89263	735	765	0	-87.80335	41.59114	772.1	802.1
694	885	0	-87.82611	42.03298	885	915	0	-87.86881	42.03597	888.5	918.5
695	895	0	-87.76351	42.07223	895	925	0	-87.75326	42.07213	895.8	925.8
696	852	0	-88.28802	41.93353	852	882	0	-88.28751	41.90971	854.7	884.7
697	900	0	-88.46104	42.31407	900	930	0	-88.44044	42.30707	901.9	931.9
698	855	0	-87.63311	41.88134	855	885	0	-87.93672	42.39977	917.9	947.9
699	725	0	-87.73856	42.09893	725	755	0	-87.73304	42.08683	726.4	756.4
700	615	0	-87.73304	42.08683	615	645	0	-87.73856	42.09893	616.4	646.4
701	855	0	-88.20327	41.68083	855	885	0	-88.11696	41.68008	862.2	892.2
702	855	0	-88.20327	41.68083	855	885	0	-88.11696	41.68008	862.2	892.2
703	920	0	-88.24769	41.7497	920	950	0	-88.28917	42.20857	971.2	1001.2
704	915	0	-87.73304	42.08683	915	945	0	-87.75646	42.09673	917.2	947.2
705	760	0	-87.93977	41.97588	760	790	0	-87.97862	41.97688	763.2	793.2
706	855	0	-88.12432	41.82653	855	885	0	-87.93991	41.84633	870.4	900.4
707	940	0	-87.84424	41.77083	940	970	0	-87.65185	41.84358	957.9	987.9
708	645	0	-87.7128	41.71983	645	675	0	-87.72534	41.69678	647.8	677.8
709	735	0	-87.6424	41.87918	735	765	0	-87.92571	41.79848	760.1	790.1
710	680	0	-87.65944	42.00552	680	710	0	-87.66812	42.00551	680.7	710.7
711	865	0	-87.61155	41.89263	865	895	0	-87.62024	41.89843	866	896
712	840	0	-87.94502	42.14608	840	870	0	-87.69251	41.94683	870.4	900.4
713	825	0	-87.651	41.91448	825	855	0	-87.63445	41.92248	826.6	856.6
714	855	0	-87.71431	41.90638	855	885	0	-87.71078	41.90655	855.3	885.3
715	615	0	-87.66812	42.00551	615	645	0	-87.65944	42.00552	615.7	645.7
716	893	0	-87.63281	41.87389	893	923	0	-87.64271	41.88534	894.5	924.5
717	795	0	-88.02057	41.88263	795	825	0	-88.01657	42.08168	817.1	847.1
718	685	0	-87.65944	42.00552	685	715	0	-87.6635	42.00552	685.3	715.3
719	945	0	-87.66475	41.56813	945	975	0	-87.66195	41.54803	947.2	977.2
720	961	0	-87.66195	41.54803	961	991	0	-87.66475	41.56813	963.2	993.2
721	740	0	-87.61663	41.87773	740	770	0	-87.62149	41.87077	740.9	770.9
722	985	0	-87.6517	41.93638	985	1015	0	-87.6612	41.92893	986.1	1016.1
723	975	0	-87.6612	41.92893	975	1005	0	-87.6517	41.93638	976.1	1006.1
724	586	0	-87.6517	41.93638	586	616	0	-87.6612	41.92893	587.1	617.1
725	925	0	-87.64271	41.88534	925	955	0	-87.97567	41.89758	952.6	982.6
726	880	0	-87.79131	41.89511	880	910	0	-87.78219	41.89163	880.8	910.8
727	855	0	-87.631	41.90763	855	885	0	-87.63311	41.88134	857.9	887.9
728	881	0	-87.63311	41.88134	881	911	0	-87.63226	41.90033	883.1	913.1
729	915	0	-87.63226	41.90033	915	945	0	-87.631	41.90763	915.8	945.8
730	956	0	-87.64271	41.88534	956	986	0	-87.75856	42.05638	977.3	1007.3
731	940	0	-87.63313	41.88483	940	970	0	-87.64271	41.88534	940.8	970.8
732	825	0	-87.84836	41.9634	825	855	0	-87.82666	41.95958	826.8	856.8
733	670	0	-87.66577	41.99422	670	700	0	-87.65944	42.00552	671.4	701.4
734	935	0	-87.7806	41.87633	935	965	0	-87.81636	41.87598	938	968
735	740	0	-87.63311	41.88134	740	770	0	-87.631	41.90763	742.9	772.9
736	932	0	-87.78219	41.89163	932	962	0	-87.78935	41.88329	933.1	963.1
737	920	0	-87.92571	41.79848	920	950	0	-87.95991	41.76303	924.9	954.9
738	795	0	-87.71246	41.93553	795	825	0	-87.6525	41.89269	801.9	831.9
739	795	0	-87.6469	41.93468	795	825	0	-87.65145	41.92913	795.7	825.7
740	790	0	-87.75776	41.65403	790	820	0	-87.78154	41.63582	792.8	822.8
741	975	0	-87.6424	41.87918	975	1005	0	-87.7929	41.69214	999.3	1029.3
742	810	0	-87.8367	42.04728	810	840	0	-87.86881	42.03597	812.9	842.9
743	840	0	-87.77535	42.04803	840	870	0	-87.78621	42.03218	842	872