Number of requests is 744
Number of Drivers is 268
Number of Riders is 476

Req_no. request_arrival_time service_time_at_source Pickup_location_longitude Pickup_location_latitude  Pickup_earliest_time Pickup_latest_time  service_time_at_delivery delivery_location_long delivery_location_latitude delivery_earliest_time delivery_latest_time 
0	855	0	-87.59774	41.34074	855	885	0	-88.28917	42.20857	967.3	997.3
1	615	0	-88.20327	41.68083	615	645	0	-88.18261	42.44853	700.4	730.4
2	888	0	-88.53279	42.02418	888	918	0	-87.61537	41.85908	966.1	996.1
3	955	0	-88.48433	41.59486	955	985	0	-87.79426	41.83163	1018.1	1048.1
4	855	0	-88.46104	42.31407	855	885	0	-88.33984	41.76578	916.8	946.8
5	825	0	-88.33984	41.76578	825	855	0	-88.46104	42.31407	886.8	916.8
6	865	0	-87.6208	41.88486	865	895	0	-88.13833	42.17237	918.4	948.4
7	615	0	-88.39857	42.1771	615	645	0	-87.78621	42.03218	668	698
8	845	0	-87.75856	42.05638	845	875	0	-88.32222	41.90353	894.6	924.6
9	772	0	-88.33518	42.16532	772	802	0	-87.75856	42.05638	821.1	851.1
10	900	0	-87.61537	41.85908	900	930	0	-88.14543	42.05328	948.9	978.9
11	908	0	-87.90557	42.26012	908	938	0	-87.99141	41.83359	956	986
12	915	0	-87.84002	42.10193	915	945	0	-88.26594	42.36827	960.9	990.9
13	975	0	-87.57099	41.58928	975	1005	0	-88.07966	41.48835	1018.8	1048.8
14	888	0	-87.63281	41.87389	888	918	0	-88.15134	41.87903	930.9	960.9
15	881	0	-87.86787	42.13093	881	911	0	-88.21399	42.40154	922.4	952.4
16	930	0	-88.48433	41.59486	930	960	0	-87.99321	41.53518	971.4	1001.4
17	940	0	-88.14543	42.05328	940	970	0	-87.66587	41.95808	981	1011
18	985	0	-87.79426	41.83163	985	1015	0	-88.27197	41.76403	1025.3	1055.3
19	920	0	-87.87593	42.01723	920	950	0	-88.28917	42.20857	960.2	990.2
20	880	0	-87.86159	42.18557	880	910	0	-88.10677	41.88093	919.5	949.5
21	706	0	-88.08047	42.01618	706	736	0	-88.20327	41.68083	744.7	774.7
22	970	0	-87.66587	41.95808	970	1000	0	-88.12707	41.99678	1008.4	1038.4
23	885	0	-87.78695	41.66088	885	915	0	-88.13632	41.84998	920.8	950.8
24	883	0	-88.01062	41.97552	883	913	0	-88.11696	41.68008	917	947
25	825	0	-88.10276	41.61618	825	855	0	-88.2864	41.87973	858	888
26	945	0	-88.13678	42.25172	945	975	0	-87.82386	42.42827	977.4	1007.4
27	890	0	-87.79176	42.11608	890	920	0	-87.89462	42.39236	921.9	951.9
28	805	0	-87.6657	41.60613	805	835	0	-87.72806	41.88422	836.4	866.4
29	900	0	-87.90792	42.12198	900	930	0	-87.93672	42.39977	931	961
30	827	0	-88.1614	41.57273	827	857	0	-87.90223	41.77333	858	888
31	591	0	-87.66479	41.51698	591	621	0	-87.74031	41.78952	622	652
32	713	0	-88.32093	41.88843	713	743	0	-88.33518	42.16532	743.8	773.8
33	915	0	-88.3198	41.78323	915	945	0	-88.27658	42.05472	945.4	975.4
34	833	0	-87.94717	41.81288	833	863	0	-87.71636	42.02268	863.2	893.2
35	930	0	-87.89181	41.74772	930	960	0	-87.66195	41.54803	959.3	989.3
36	975	0	-88.33992	41.87293	975	1005	0	-88.01189	41.79358	1003.6	1033.6
37	975	0	-87.64155	41.89804	975	1005	0	-87.76786	42.13603	1003.5	1033.5
38	800	0	-87.99727	42.09913	800	830	0	-88.02116	41.84633	828.2	858.2
39	950	0	-88.34411	42.01383	950	980	0	-88.01192	42.05903	977.9	1007.9
40	825	0	-87.6208	41.88486	825	855	0	-87.75306	42.11228	852.6	882.6
41	805	0	-87.64089	41.81984	805	835	0	-87.84026	42.01753	832.5	862.5
42	623	0	-87.72766	42.10958	623	653	0	-87.76436	41.86918	649.9	679.9
43	795	0	-88.05622	41.93693	795	825	0	-88.23412	41.73593	821.8	851.8
44	745	0	-87.94321	41.91898	745	775	0	-87.62024	41.89843	771.8	801.8
45	885	0	-87.97862	41.97688	885	915	0	-87.89181	41.74772	911.5	941.5
46	665	0	-87.73856	42.09893	665	695	0	-87.6208	41.88486	690.7	720.7
47	900	0	-87.6962	41.83723	900	930	0	-87.59045	41.62877	924.8	954.8
48	706	0	-88.22322	42.00843	706	736	0	-87.94361	41.93803	730.4	760.4
49	735	0	-88.11543	42.37481	735	765	0	-87.82087	42.37077	759.2	789.2
50	975	0	-88.17321	41.61618	975	1005	0	-88.01189	41.79358	998.9	1028.9
51	962	0	-87.6525	41.89269	962	992	0	-87.93986	41.89813	985.8	1015.8
52	915	0	-88.43227	41.76721	915	945	0	-88.16732	41.71808	937.7	967.7
53	785	0	-87.98536	41.70832	785	815	0	-88.23352	41.79233	807.6	837.6
54	740	0	-88.23352	41.79233	740	770	0	-87.98536	41.70832	762.6	792.6
55	598	0	-88.05464	41.79993	598	628	0	-88.32038	41.76493	620.4	650.4
56	975	0	-88.09102	41.86333	975	1005	0	-88.20327	41.68083	997.3	1027.3
57	945	0	-87.64155	41.89804	945	975	0	-87.86587	41.79492	966.8	996.8
58	795	0	-87.69786	42.08078	795	825	0	-87.62905	41.89203	816.8	846.8
59	752	0	-87.6962	41.83723	752	782	0	-87.94717	41.81288	773	803
60	655	0	-87.74031	41.78952	655	685	0	-87.8599	41.62298	676	706
61	972	0	-87.67515	41.87153	972	1002	0	-87.85061	41.73913	992.7	1022.7
62	885	0	-87.90852	41.97868	885	915	0	-87.67545	41.92873	905.1	935.1
63	626	0	-88.29308	42.18532	626	656	0	-88.51069	42.11042	645.8	675.8
64	635	0	-87.632	41.84188	635	665	0	-87.6343	41.66754	654.4	684.4
65	975	0	-88.16687	41.76818	975	1005	0	-87.94717	41.81288	993.9	1023.9
66	845	0	-87.84522	41.86037	845	875	0	-87.62149	41.87077	863.6	893.6
67	795	0	-87.82622	42.45242	795	825	0	-87.86557	42.28877	813.5	843.5
68	725	0	-88.09971	41.54668	725	755	0	-88.31947	41.54742	743.3	773.3
69	915	0	-88.29308	42.18532	915	945	0	-88.44044	42.30707	933.2	963.2
70	945	0	-88.10326	41.52693	945	975	0	-88.31947	41.54742	963.1	993.1
71	860	0	-88.31947	41.54742	860	890	0	-88.10326	41.52693	878.1	908.1
72	925	0	-87.62905	41.89203	925	955	0	-87.70022	42.04474	943	973
73	855	0	-87.8599	41.62298	855	885	0	-87.725	41.49893	872.8	902.8
74	926	0	-88.16687	41.76818	926	956	0	-88.33901	41.67931	943.4	973.4
75	855	0	-88.28802	41.93353	855	885	0	-88.33992	41.78258	872.3	902.3
76	642	0	-87.99362	42.07443	642	672	0	-87.84836	41.9634	659.2	689.2
77	615	0	-87.7366	41.60508	615	645	0	-87.69024	41.45748	631.9	661.9
78	905	0	-87.61166	41.72443	905	935	0	-87.79176	41.79583	921.9	951.9
79	948	0	-88.13678	42.25172	948	978	0	-88.26594	42.36827	964.8	994.8
80	735	0	-87.99039	41.94178	735	765	0	-87.92571	41.79848	751.8	781.8
81	700	0	-88.20327	41.68083	700	730	0	-88.07636	41.79868	716.8	746.8
82	620	0	-88.35469	42.45565	620	650	0	-88.15144	42.44762	636.7	666.7
83	870	0	-87.64368	41.89249	870	900	0	-87.79336	41.99373	886.7	916.7
84	960	0	-88.44044	42.30707	960	990	0	-88.28917	42.20857	976.6	1006.6
85	698	0	-87.92986	41.73753	698	728	0	-87.7375	41.69658	714.6	744.6
86	960	0	-88.44044	42.30707	960	990	0	-88.28917	42.20857	976.6	1006.6
87	900	0	-87.7375	41.69658	900	930	0	-87.92986	41.73753	916.6	946.6
88	660	0	-88.4125	41.3766	660	690	0	-88.2944	41.25825	676.5	706.5
89	945	0	-87.87701	42.17102	945	975	0	-88.03706	42.25514	961.2	991.2
90	705	0	-88.13667	42.03598	705	735	0	-88.32082	42.08492	721.1	751.1
91	695	0	-88.18272	41.76293	695	725	0	-88.33901	41.67931	711	741
92	895	0	-88.31465	42.29472	895	925	0	-88.14498	42.22658	910.9	940.9
93	840	0	-88.17577	41.88073	840	870	0	-88.12692	42.01883	855.9	885.9
94	840	0	-88.07636	41.79868	840	870	0	-87.95891	41.68673	855.8	885.8
95	895	0	-87.94361	41.93803	895	925	0	-88.05497	42.05213	910.7	940.7
96	720	0	-88.36272	41.79527	720	750	0	-88.18272	41.76293	735.4	765.4
97	975	0	-87.93991	41.84633	975	1005	0	-88.12432	41.82653	990.4	1020.4
98	795	0	-87.71856	41.97768	795	825	0	-87.87178	41.90008	810.3	840.3
99	725	0	-87.79841	41.92718	725	755	0	-87.63281	41.87389	739.9	769.9
100	675	0	-87.63172	41.74343	675	705	0	-87.8059	41.75493	689.5	719.5
101	915	0	-88.26836	42.28477	915	945	0	-88.44044	42.30707	929.4	959.4
102	675	0	-87.69024	41.45748	675	705	0	-87.8216	41.53973	689.3	719.3
103	915	0	-87.8216	41.53973	915	945	0	-87.69024	41.45748	929.3	959.3
104	915	0	-88.05464	41.79993	915	945	0	-88.11696	41.68008	929.3	959.3
105	930	0	-87.90832	42.35854	930	960	0	-87.82637	42.47081	944.2	974.2
106	645	0	-87.619	41.72548	645	675	0	-87.56619	41.60383	659.2	689.2
107	611	0	-88.14543	42.05328	611	641	0	-88.01062	41.97552	625.1	655.1
108	960	0	-87.83877	42.16033	960	990	0	-87.86881	42.03597	974.1	1004.1
109	730	0	-87.79385	41.57553	730	760	0	-87.6885	41.47698	744	774
110	695	0	-88.18272	41.76293	695	725	0	-88.34732	41.73418	709	739
111	890	0	-88.26836	42.28477	890	920	0	-88.35929	42.17937	903.9	933.9
112	655	0	-87.97586	42.39812	655	685	0	-87.82622	42.45242	668.7	698.7
113	915	0	-88.26836	42.28477	915	945	0	-88.21399	42.40154	928.7	958.7
114	885	0	-88.12837	42.03653	885	915	0	-87.98632	42.09898	898.6	928.6
115	915	0	-87.6407	41.86949	915	945	0	-87.59041	41.75527	928.4	958.4
116	675	0	-87.96496	41.84653	675	705	0	-88.10102	41.91203	688.4	718.4
117	795	0	-87.93327	42.05883	795	825	0	-88.08047	42.01618	808.1	838.1
118	865	0	-87.95991	41.76303	865	895	0	-88.11712	41.76543	878	908
119	665	0	-87.99362	42.07443	665	695	0	-87.84002	42.10193	678	708
120	585	0	-88.16773	41.50019	585	615	0	-88.17321	41.61618	597.9	627.9
121	950	0	-87.79132	42.18517	950	980	0	-87.90557	42.26012	962.6	992.6
122	915	0	-87.72806	41.88422	915	945	0	-87.75871	41.99533	927.6	957.6
123	765	0	-87.86853	42.46775	765	795	0	-87.90832	42.35854	777.6	807.6
124	585	0	-87.87058	42.35428	585	615	0	-87.86853	42.46775	597.6	627.6
125	676	0	-87.98918	42.27522	676	706	0	-88.13678	42.25172	688.4	718.4
126	855	0	-87.79696	41.96268	855	885	0	-87.65944	42.00552	867.3	897.3
127	915	0	-87.67695	41.71371	915	945	0	-87.82215	41.69468	927.2	957.2
128	985	0	-87.82215	41.69468	985	1015	0	-87.67695	41.71371	997.2	1027.2
129	905	0	-87.81835	41.68913	905	935	0	-87.67695	41.71371	917.1	947.1
130	945	0	-88.05497	42.05213	945	975	0	-87.95377	42.13143	957.1	987.1
131	940	0	-88.02633	42.35664	940	970	0	-87.905	42.29574	952.1	982.1
132	855	0	-88.41359	42.28267	855	885	0	-88.26836	42.28477	867	897
133	855	0	-87.75261	41.96053	855	885	0	-87.64368	41.89249	866.8	896.8
134	930	0	-87.65855	41.85587	930	960	0	-87.7519	41.77658	941.7	971.7
135	654	0	-87.7712	41.76153	654	684	0	-87.63172	41.74343	665.7	695.7
136	675	0	-88.03347	42.17547	675	705	0	-87.99362	42.07443	686.7	716.7
137	949	0	-87.69811	42.07498	949	979	0	-87.75407	41.97807	960.7	990.7
138	765	0	-87.76436	41.86918	765	795	0	-87.64089	41.81984	776.6	806.6
139	735	0	-87.94328	42.35314	735	765	0	-87.90709	42.45357	746.6	776.6
140	755	0	-88.11696	41.68008	755	785	0	-87.98536	41.70832	766.4	796.4
141	705	0	-87.98536	41.70832	705	735	0	-88.11696	41.68008	716.4	746.4
142	935	0	-88.20327	41.68083	935	965	0	-88.33901	41.67931	946.3	976.3
143	885	0	-88.07178	42.14213	885	915	0	-88.14498	42.22658	896.2	926.2
144	595	0	-87.81272	42.18952	595	625	0	-87.90557	42.26012	606	636
145	950	0	-87.70022	42.04474	950	980	0	-87.79176	42.11608	961	991
146	620	0	-87.73304	42.08683	620	650	0	-87.81102	42.16718	631	661
147	890	0	-88.32222	41.90353	890	920	0	-88.43233	41.84842	901	931
148	780	0	-87.7305	41.70583	780	810	0	-87.7187	41.80443	791	821
149	825	0	-87.7187	41.80443	825	855	0	-87.7305	41.70583	836	866
150	975	0	-87.6749	41.86293	975	1005	0	-87.74936	41.94228	985.8	1015.8
151	651	0	-88.53279	42.02418	651	681	0	-88.41606	42.06853	661.8	691.8
152	858	0	-88.53279	42.02418	858	888	0	-88.41606	42.06853	868.8	898.8
153	713	0	-88.41606	42.06853	713	743	0	-88.53279	42.02418	723.8	753.8
154	880	0	-88.41606	42.06853	880	910	0	-88.53279	42.02418	890.8	920.8
155	775	0	-87.84424	41.77083	775	805	0	-87.9727	41.78095	785.7	815.7
156	763	0	-88.05622	41.93693	763	793	0	-87.99787	42.02243	773.7	803.7
157	753	0	-88.09893	42.42968	753	783	0	-87.97586	42.39812	763.7	793.7
158	588	0	-87.98992	42.08538	588	618	0	-88.03347	42.17547	598.6	628.6
159	755	0	-88.05509	42.46072	755	785	0	-88.18261	42.44853	765.6	795.6
160	855	0	-87.654	41.87298	855	885	0	-87.7806	41.87633	865.5	895.5
161	895	0	-88.18733	42.11062	895	925	0	-88.15318	42.20148	905.5	935.5
162	950	0	-87.93097	42.04468	950	980	0	-88.05497	42.05213	960.3	990.3
163	979	0	-87.99141	41.83359	979	1009	0	-87.94321	41.91898	989.3	1019.3
164	885	0	-88.43233	41.84842	885	915	0	-88.32093	41.88843	895.2	925.2
165	780	0	-88.32093	41.88843	780	810	0	-88.43233	41.84842	790.2	820.2
166	795	0	-87.82087	42.37077	795	825	0	-87.94328	42.35314	805.2	835.2
167	695	0	-88.05497	42.05213	695	725	0	-87.93327	42.05883	705.1	735.1
168	630	0	-87.63649	41.59184	630	660	0	-87.6517	41.68133	640	670
169	915	0	-87.72766	42.10958	915	945	0	-87.79132	42.18517	924.9	954.9
170	587	0	-87.75646	42.09673	587	617	0	-87.83877	42.16033	596.8	626.8
171	905	0	-87.75306	42.11228	905	935	0	-87.86787	42.13093	914.7	944.7
172	975	0	-88.08441	41.77098	975	1005	0	-88.19702	41.79558	984.7	1014.7
173	975	0	-88.18733	42.11062	975	1005	0	-88.12837	42.03653	984.6	1014.6
174	617	0	-87.81877	42.13813	617	647	0	-87.93537	42.13432	626.6	656.6
175	763	0	-88.01027	41.93968	763	793	0	-88.01272	42.02523	772.5	802.5
176	847	0	-88.01272	42.02523	847	877	0	-88.01027	41.93968	856.5	886.5
177	590	0	-87.77651	42.16537	590	620	0	-87.73304	42.08683	599.4	629.4
178	915	0	-88.05497	42.05213	915	945	0	-88.16007	42.01878	924.4	954.4
179	793	0	-88.20327	41.68083	793	823	0	-88.18272	41.76293	802.3	832.3
180	703	0	-87.66461	41.98018	703	733	0	-87.70296	42.05823	712.2	742.2
181	864	0	-88.11262	41.94573	864	894	0	-88.01062	41.97552	873.1	903.1
182	825	0	-88.51069	42.11042	825	855	0	-88.41606	42.06853	834.1	864.1
183	930	0	-88.05512	42.03283	930	960	0	-88.15537	41.99813	939.1	969.1
184	780	0	-87.6019	41.53923	780	810	0	-87.53689	41.60493	789.1	819.1
185	660	0	-88.51069	42.11042	660	690	0	-88.41606	42.06853	669.1	699.1
186	675	0	-87.6517	41.68133	675	705	0	-87.7585	41.67328	683.9	713.9
187	915	0	-87.65155	41.67413	915	945	0	-87.55968	41.71283	923.8	953.8
188	886	0	-87.65944	42.00552	886	916	0	-87.76551	42.01488	894.8	924.8
189	608	0	-87.92986	41.73753	608	638	0	-87.89811	41.81163	616.7	646.7
190	960	0	-87.7549	41.69818	960	990	0	-87.7519	41.77658	968.7	998.7
191	975	0	-87.82215	41.69468	975	1005	0	-87.73135	41.73128	983.6	1013.6
192	785	0	-88.28917	42.20857	785	815	0	-88.26836	42.28477	793.6	823.6
193	690	0	-87.9042	42.34347	690	720	0	-87.97586	42.39812	698.5	728.5
194	802	0	-87.95069	42.17452	802	832	0	-87.86787	42.13093	810.4	840.4
195	855	0	-87.81272	42.18952	855	885	0	-87.79176	42.11608	863.4	893.4
196	765	0	-87.79176	42.11608	765	795	0	-87.81272	42.18952	773.4	803.4
197	890	0	-88.17702	41.74643	890	920	0	-88.08441	41.77098	898.2	928.2
198	675	0	-87.78135	41.61704	675	705	0	-87.86635	41.57903	683.2	713.2
199	855	0	-87.7585	41.67328	855	885	0	-87.67695	41.71371	863.1	893.1
200	930	0	-87.71636	42.02268	930	960	0	-87.76176	41.96038	937.9	967.9
201	740	0	-87.65776	41.99424	740	770	0	-87.74253	41.96426	747.8	777.8
202	855	0	-87.74253	41.96426	855	885	0	-87.65776	41.99424	862.8	892.8
203	690	0	-88.23037	41.61465	690	720	0	-88.20327	41.68083	697.7	727.7
204	975	0	-87.84002	42.10193	975	1005	0	-87.86881	42.03597	982.7	1012.7
205	952	0	-87.89181	41.74772	952	982	0	-87.8083	41.71878	959.6	989.6
206	675	0	-87.95642	42.22292	675	705	0	-88.03706	42.25514	682.5	712.5
207	750	0	-88.03706	42.25514	750	780	0	-87.95642	42.22292	757.5	787.5
208	805	0	-87.78154	41.63582	805	835	0	-87.82215	41.69468	812.4	842.4
209	933	0	-87.67171	41.98001	933	963	0	-87.67916	42.04668	940.4	970.4
210	945	0	-88.34434	42.05339	945	975	0	-88.29013	42.00048	952.4	982.4
211	855	0	-87.67916	42.04668	855	885	0	-87.67171	41.98001	862.4	892.4
212	658	0	-87.82386	42.42827	658	688	0	-87.90709	42.45357	665.4	695.4
213	720	0	-87.6343	41.66754	720	750	0	-87.6657	41.60613	727.3	757.3
214	900	0	-87.78491	42.06028	900	930	0	-87.87126	42.04698	907.3	937.3
215	945	0	-88.33901	41.67931	945	975	0	-88.3246	41.74376	952.3	982.3
216	600	0	-87.7893	41.72293	600	630	0	-87.8204	41.66277	607.2	637.2
217	691	0	-87.82215	41.69468	691	721	0	-87.75776	41.65403	698	728
218	825	0	-87.8367	42.04728	825	855	0	-87.80216	41.98983	832	862
219	615	0	-87.61537	41.85908	615	645	0	-87.65599	41.91433	622	652
220	925	0	-87.84781	42.03253	925	955	0	-87.93097	42.04468	932	962
221	795	0	-87.71246	41.93553	795	825	0	-87.6525	41.89269	801.9	831.9
222	642	0	-87.81877	42.13813	642	672	0	-87.75646	42.09673	648.9	678.9
223	690	0	-88.14543	42.05328	690	720	0	-88.08047	42.01618	696.8	726.8
224	775	0	-88.08047	42.01618	775	805	0	-88.14543	42.05328	781.8	811.8
225	930	0	-88.05968	41.83733	930	960	0	-87.98301	41.85888	936.8	966.8
226	865	0	-87.78935	41.88329	865	895	0	-87.85526	41.91853	871.7	901.7
227	599	0	-88.29645	42.12609	599	629	0	-88.29308	42.18532	605.6	635.6
228	755	0	-88.20327	41.68083	755	785	0	-88.23412	41.73593	761.6	791.6
229	945	0	-87.725	41.49893	945	975	0	-87.64761	41.50978	951.6	981.6
230	655	0	-88.19702	41.79558	655	685	0	-88.24769	41.7497	661.6	691.6
231	885	0	-87.94642	42.09868	885	915	0	-88.01862	42.07488	891.5	921.5
232	730	0	-88.10102	41.91203	730	760	0	-88.03427	41.88168	736.5	766.5
233	632	0	-87.96038	42.45452	632	662	0	-87.97586	42.39812	638.4	668.4
234	785	0	-88.05097	41.87143	785	815	0	-88.12877	41.86924	791.4	821.4
235	865	0	-88.13833	42.17237	865	895	0	-88.07178	42.14213	871.4	901.4
236	945	0	-88.05146	41.56803	945	975	0	-88.10326	41.52693	951.3	981.3
237	840	0	-88.05497	42.05213	840	870	0	-88.12837	42.03653	846.3	876.3
238	975	0	-87.84522	41.86037	975	1005	0	-87.78219	41.89163	981.3	1011.3
239	785	0	-87.90709	42.45357	785	815	0	-87.83337	42.44082	791.2	821.2
240	698	0	-87.97586	42.39812	698	728	0	-88.02633	42.35664	704.2	734.2
241	690	0	-88.05712	41.91553	690	720	0	-87.99039	41.94178	696.2	726.2
242	840	0	-88.14498	42.22658	840	870	0	-88.13833	42.17237	846.1	876.1
243	650	0	-88.16773	41.50019	650	680	0	-88.11311	41.53653	656.1	686.1
244	680	0	-87.8204	41.66277	680	710	0	-87.7826	41.70858	686	716
245	975	0	-87.73216	41.85523	975	1005	0	-87.71078	41.90655	981	1011
246	790	0	-87.95642	42.22292	790	820	0	-87.90557	42.26012	795.9	825.9
247	772	0	-88.01189	41.79358	772	802	0	-87.94717	41.81288	777.8	807.8
248	833	0	-87.94717	41.81288	833	863	0	-88.01189	41.79358	838.8	868.8
249	705	0	-87.8216	41.53973	705	735	0	-87.86635	41.57903	710.7	740.7
250	770	0	-87.86635	41.57903	770	800	0	-87.8216	41.53973	775.7	805.7
251	930	0	-88.17577	41.88073	930	960	0	-88.10677	41.88093	935.7	965.7
252	975	0	-88.08542	42.00128	975	1005	0	-88.13667	42.03598	980.7	1010.7
253	667	0	-88.13632	41.84998	667	697	0	-88.19676	41.82623	672.7	702.7
254	670	0	-87.97586	42.39812	670	700	0	-87.94328	42.35314	675.7	705.7
255	681	0	-88.19676	41.82623	681	711	0	-88.13632	41.84998	686.7	716.7
256	828	0	-87.83862	42.45522	828	858	0	-87.90709	42.45357	833.6	863.6
257	915	0	-87.68191	42.02293	915	945	0	-87.7464	42.00608	920.6	950.6
258	973	0	-87.57099	41.58928	973	1003	0	-87.57029	41.53934	978.6	1008.6
259	685	0	-87.68165	41.88593	685	715	0	-87.6962	41.83723	690.5	720.5
260	615	0	-87.63235	41.68158	615	645	0	-87.69495	41.66458	620.5	650.5
261	700	0	-87.86635	41.57903	700	730	0	-87.82391	41.61653	705.5	735.5
262	720	0	-88.08061	41.52493	720	750	0	-88.05146	41.56803	725.4	755.4
263	705	0	-88.05146	41.56803	705	735	0	-88.08061	41.52493	710.4	740.4
264	830	0	-88.10276	41.61618	830	860	0	-88.13238	41.5732	835.4	865.4
265	740	0	-88.34732	41.73418	740	770	0	-88.33992	41.78258	745.4	775.4
266	985	0	-87.99787	42.02243	985	1015	0	-87.97862	41.97688	990.3	1020.3
267	795	0	-88.18272	41.76293	795	825	0	-88.23352	41.79233	800.3	830.3
268	865	0	-88.18272	41.76293	865	895	0	-88.23412	41.73593	870.2	900.2
269	665	0	-87.75646	42.09673	665	695	0	-87.71916	42.05888	670.2	700.2
270	775	0	-88.23412	41.73593	775	805	0	-88.18272	41.76293	780.2	810.2
271	940	0	-87.84781	42.03253	940	970	0	-87.78621	42.03218	945.1	975.1
272	855	0	-88.05795	41.69235	855	885	0	-88.11696	41.68008	860.1	890.1
273	950	0	-88.05795	41.69235	950	980	0	-88.11696	41.68008	955.1	985.1
274	930	0	-88.11696	41.68008	930	960	0	-88.05795	41.69235	935.1	965.1
275	975	0	-88.16071	41.54369	975	1005	0	-88.10326	41.52693	980.1	1010.1
276	750	0	-88.11696	41.68008	750	780	0	-88.05795	41.69235	755.1	785.1
277	930	0	-87.85066	41.89483	930	960	0	-87.90496	41.91413	935	965
278	983	0	-88.05622	41.93693	983	1013	0	-88.06297	41.98123	988	1018
279	825	0	-88.07636	41.79868	825	855	0	-88.11712	41.76543	830	860
280	638	0	-87.88081	41.80668	638	668	0	-87.84424	41.77083	643	673
281	920	0	-87.79336	41.99373	920	950	0	-87.75261	41.96053	925	955
282	765	0	-87.85066	41.89483	765	795	0	-87.90496	41.91413	770	800
283	635	0	-87.69495	41.66458	635	665	0	-87.6343	41.66754	640	670
284	825	0	-87.90496	41.91413	825	855	0	-87.85066	41.89483	830	860
285	740	0	-88.17321	41.61618	740	770	0	-88.1614	41.57273	744.9	774.9
286	765	0	-88.07817	42.09243	765	795	0	-88.05497	42.05213	769.9	799.9
287	659	0	-88.1614	41.57273	659	689	0	-88.17321	41.61618	663.9	693.9
288	885	0	-88.27197	41.76403	885	915	0	-88.3246	41.74376	889.9	919.9
289	930	0	-88.17321	41.61618	930	960	0	-88.1614	41.57273	934.9	964.9
290	982	0	-88.12707	41.99678	982	1012	0	-88.16187	42.03098	986.8	1016.8
291	675	0	-87.78695	41.66088	675	705	0	-87.82215	41.69468	679.8	709.8
292	825	0	-87.82215	41.69468	825	855	0	-87.78695	41.66088	829.8	859.8
293	795	0	-88.09702	41.96673	795	825	0	-88.05622	41.93693	799.7	829.7
294	853	0	-88.05622	41.93693	853	883	0	-88.09702	41.96673	857.7	887.7
295	720	0	-88.14263	42.29377	720	750	0	-88.13678	42.25172	724.7	754.7
296	708	0	-88.13678	42.25172	708	738	0	-88.14263	42.29377	712.7	742.7
297	949	0	-87.75619	42.01863	949	979	0	-87.69973	42.02641	953.7	983.7
298	650	0	-87.68186	41.97231	650	680	0	-87.68136	41.93043	654.7	684.7
299	945	0	-88.34411	42.01383	945	975	0	-88.29013	42.00048	949.7	979.7
300	645	0	-87.92687	42.37858	645	675	0	-87.97586	42.39812	649.6	679.6
301	615	0	-88.01272	42.02523	615	645	0	-88.05497	42.05213	619.6	649.6
302	886	0	-88.13275	41.74588	886	916	0	-88.18272	41.76293	890.6	920.6
303	883	0	-87.75856	42.05638	883	913	0	-87.70296	42.05823	887.6	917.6
304	855	0	-88.18272	41.76293	855	885	0	-88.13275	41.74588	859.6	889.6
305	855	0	-88.18261	42.44853	855	885	0	-88.23784	42.45587	859.6	889.6
306	751	0	-87.70296	42.05823	751	781	0	-87.75856	42.05638	755.6	785.6
307	678	0	-87.93537	42.13432	678	708	0	-87.95069	42.17452	682.6	712.6
308	736	0	-88.21201	42.26192	736	766	0	-88.22603	42.30057	740.5	770.5
309	775	0	-88.22603	42.30057	775	805	0	-88.21201	42.26192	779.5	809.5
310	704	0	-88.21201	42.26192	704	734	0	-88.22603	42.30057	708.5	738.5
311	730	0	-88.22603	42.30057	730	760	0	-88.21201	42.26192	734.5	764.5
312	669	0	-88.21776	41.53233	669	699	0	-88.2101	41.57233	673.5	703.5
313	977	0	-88.21201	42.26192	977	1007	0	-88.22603	42.30057	981.5	1011.5
314	705	0	-88.33992	41.87293	705	735	0	-88.2864	41.87973	709.5	739.5
315	975	0	-88.13833	42.17237	975	1005	0	-88.08878	42.18838	979.5	1009.5
316	962	0	-87.73304	42.08683	962	992	0	-87.68843	42.06368	966.5	996.5
317	945	0	-88.33992	41.87293	945	975	0	-88.2864	41.87973	949.5	979.5
318	810	0	-88.2864	41.87973	810	840	0	-88.33992	41.87293	814.5	844.5
319	710	0	-88.00861	41.84698	710	740	0	-88.05097	41.87143	714.4	744.4
320	705	0	-88.11065	41.6985	705	735	0	-88.05795	41.69235	709.4	739.4
321	975	0	-87.82681	41.97088	975	1005	0	-87.82116	41.93163	979.4	1009.4
322	670	0	-87.82116	41.93163	670	700	0	-87.82681	41.97088	674.4	704.4
323	802	0	-87.6525	41.89269	802	832	0	-87.70201	41.90473	806.3	836.3
324	765	0	-87.7585	41.67328	765	795	0	-87.7305	41.70583	769.3	799.3
325	625	0	-88.11012	41.86383	625	655	0	-88.12432	41.82653	629.3	659.3
326	765	0	-87.70021	41.94298	765	795	0	-87.71856	41.97768	769.1	799.1
327	785	0	-87.92797	42.36322	785	815	0	-87.93672	42.39977	789.1	819.1
328	585	0	-87.86787	42.13093	585	615	0	-87.81877	42.13813	589.1	619.1
329	668	0	-87.79641	41.94172	668	698	0	-87.82681	41.97088	672.1	702.1
330	875	0	-87.95991	41.76303	875	905	0	-87.95676	41.79945	879.1	909.1
331	680	0	-87.95676	41.79945	680	710	0	-87.95991	41.76303	684.1	714.1
332	665	0	-87.95991	41.76303	665	695	0	-87.95676	41.79945	669.1	699.1
333	900	0	-88.33032	41.71571	900	930	0	-88.33901	41.67931	904.1	934.1
334	885	0	-88.31465	42.29472	885	915	0	-88.26836	42.28477	889	919
335	665	0	-88.14543	42.05328	665	695	0	-88.16007	42.01878	669	699
336	660	0	-88.09916	41.58047	660	690	0	-88.10276	41.61618	664	694
337	695	0	-87.81272	42.18952	695	725	0	-87.77651	42.16537	699	729
338	746	0	-88.01062	41.97552	746	776	0	-88.01027	41.93968	750	780
339	881	0	-88.01027	41.93968	881	911	0	-88.01062	41.97552	885	915
340	635	0	-87.7464	42.00608	635	665	0	-87.71856	41.97768	638.9	668.9
341	955	0	-87.78621	42.03218	955	985	0	-87.81426	42.00383	958.9	988.9
342	787	0	-87.85536	42.40192	787	817	0	-87.82386	42.42827	790.9	820.9
343	735	0	-87.94827	41.95318	735	765	0	-87.94321	41.91898	738.8	768.8
344	780	0	-87.90557	42.26012	780	810	0	-87.86112	42.25992	783.7	813.7
345	855	0	-87.86112	42.25992	855	885	0	-87.90557	42.26012	858.7	888.7
346	960	0	-88.15134	41.87903	960	990	0	-88.10677	41.88093	963.7	993.7
347	920	0	-88.11696	41.68008	920	950	0	-88.11281	41.64658	923.7	953.7
348	795	0	-87.86137	42.14558	795	825	0	-87.81877	42.13813	798.6	828.6
349	810	0	-87.81877	42.13813	810	840	0	-87.86137	42.14558	813.6	843.6
350	975	0	-87.86853	42.46775	975	1005	0	-87.82637	42.47081	978.5	1008.5
351	685	0	-87.7929	41.69214	685	715	0	-87.7585	41.67328	688.5	718.5
352	735	0	-87.70201	41.90473	735	765	0	-87.71246	41.93553	738.5	768.5
353	765	0	-87.85061	41.73913	765	795	0	-87.89181	41.74772	768.5	798.5
354	810	0	-87.89181	41.74772	810	840	0	-87.85061	41.73913	813.5	843.5
355	901	0	-87.83176	42.07808	901	931	0	-87.8367	42.04728	904.5	934.5
356	825	0	-88.11012	41.86383	825	855	0	-88.09162	41.83683	828.4	858.4
357	600	0	-87.92986	41.73753	600	630	0	-87.89181	41.74772	603.4	633.4
358	710	0	-88.28917	42.20857	710	740	0	-88.31367	42.2335	713.4	743.4
359	932	0	-88.29013	42.00048	932	962	0	-88.25502	42.01598	935.4	965.4
360	630	0	-87.89181	41.74772	630	660	0	-87.92986	41.73753	633.4	663.4
361	721	0	-88.31367	42.2335	721	751	0	-88.28917	42.20857	724.4	754.4
362	930	0	-87.53689	41.60493	930	960	0	-87.57099	41.58928	933.3	963.3
363	616	0	-87.89811	41.81163	616	646	0	-87.86587	41.79492	619.3	649.3
364	665	0	-88.07146	41.83718	665	695	0	-88.07522	41.86658	668.3	698.3
365	870	0	-87.86557	42.28877	870	900	0	-87.905	42.29574	873.3	903.3
366	840	0	-88.07146	41.83718	840	870	0	-88.07522	41.86658	843.3	873.3
367	616	0	-87.86417	42.43006	616	646	0	-87.82386	42.42827	619.3	649.3
368	710	0	-88.07522	41.86658	710	740	0	-88.07146	41.83718	713.3	743.3
369	765	0	-87.8059	41.75493	765	795	0	-87.7914	41.78123	768.2	798.2
370	975	0	-88.06941	41.54263	975	1005	0	-88.08016	41.51528	978.2	1008.2
371	730	0	-87.97862	41.97688	730	760	0	-87.93977	41.97588	733.2	763.2
372	735	0	-87.83746	41.92408	735	765	0	-87.82746	41.95208	738.2	768.2
373	711	0	-87.82746	41.95208	711	741	0	-87.83746	41.92408	714.2	744.2
374	940	0	-87.7464	42.00608	940	970	0	-87.75407	41.97807	943.2	973.2
375	750	0	-87.73581	42.07188	750	780	0	-87.75646	42.09673	753.2	783.2
376	660	0	-88.13065	41.79773	660	690	0	-88.16802	41.79703	663.1	693.1
377	810	0	-88.04971	41.71983	810	840	0	-88.05795	41.69235	813.1	843.1
378	660	0	-87.87701	42.17102	660	690	0	-87.86137	42.14558	663.1	693.1
379	945	0	-88.18272	41.76293	945	975	0	-88.21969	41.76139	948.1	978.1
380	985	0	-88.23412	41.73593	985	1015	0	-88.21969	41.76139	988.1	1018.1
381	710	0	-87.83877	42.16033	710	740	0	-87.81877	42.13813	713	743
382	935	0	-87.7806	41.87633	935	965	0	-87.81636	41.87598	938	968
383	615	0	-87.57339	41.63373	615	645	0	-87.60985	41.63353	618	648
384	695	0	-87.60985	41.63353	695	725	0	-87.57339	41.63373	698	728
385	730	0	-87.81877	42.13813	730	760	0	-87.83877	42.16033	733	763
386	680	0	-87.81887	42.16363	680	710	0	-87.81272	42.18952	682.9	712.9
387	635	0	-88.12432	41.82653	635	665	0	-88.09162	41.83683	637.9	667.9
388	735	0	-87.665	41.89983	735	765	0	-87.631	41.90763	737.9	767.9
389	930	0	-88.05497	42.05213	930	960	0	-88.08922	42.05793	932.9	962.9
390	695	0	-88.09162	41.83683	695	725	0	-88.12432	41.82653	697.9	727.9
391	757	0	-87.63235	41.68158	757	787	0	-87.65975	41.66663	759.8	789.8
392	972	0	-88.33814	41.75773	972	1002	0	-88.33992	41.78258	974.8	1004.8
393	660	0	-87.72534	41.69678	660	690	0	-87.73115	41.72198	662.8	692.8
394	795	0	-87.81181	42.02968	795	825	0	-87.8367	42.04728	797.8	827.8
395	645	0	-87.78701	42.00953	645	675	0	-87.75871	41.99533	647.8	677.8
396	972	0	-87.76176	41.96038	972	1002	0	-87.76131	41.93483	974.8	1004.8
397	810	0	-87.64635	41.92188	810	840	0	-87.67376	41.90683	812.8	842.8
398	790	0	-87.75776	41.65403	790	820	0	-87.78154	41.63582	792.8	822.8
399	621	0	-87.81887	42.16363	621	651	0	-87.81877	42.13813	623.8	653.8
400	945	0	-88.33992	41.78258	945	975	0	-88.33814	41.75773	947.8	977.8
401	945	0	-88.33992	41.78258	945	975	0	-88.33814	41.75773	947.8	977.8
402	605	0	-87.82346	42.01501	605	635	0	-87.84781	42.03253	607.8	637.8
403	725	0	-88.13297	41.91573	725	755	0	-88.10102	41.91203	727.7	757.7
404	599	0	-87.93196	41.77508	599	629	0	-87.95991	41.76303	601.7	631.7
405	798	0	-87.81936	41.88668	798	828	0	-87.79666	41.86918	800.7	830.7
406	765	0	-87.96192	42.24721	765	795	0	-87.95642	42.22292	767.7	797.7
407	680	0	-87.73115	41.72198	680	710	0	-87.6992	41.71903	682.7	712.7
408	880	0	-88.09162	41.83683	880	910	0	-88.12302	41.84228	882.7	912.7
409	980	0	-87.68843	42.06368	980	1010	0	-87.71916	42.05888	982.6	1012.6
410	900	0	-87.85002	42.45532	900	930	0	-87.82637	42.47081	902.6	932.6
411	712	0	-87.63835	41.72516	712	742	0	-87.65065	41.70318	714.6	744.6
412	795	0	-88.3208	41.85438	795	825	0	-88.33992	41.87293	797.6	827.6
413	880	0	-88.08047	42.01618	880	910	0	-88.09046	42.03808	882.6	912.6
414	801	0	-88.00861	41.84698	801	831	0	-88.01882	41.86793	803.5	833.5
415	735	0	-88.10102	41.91203	735	765	0	-88.12297	41.92703	737.5	767.5
416	707	0	-87.75776	41.65403	707	737	0	-87.78695	41.66088	709.5	739.5
417	785	0	-87.78695	41.66088	785	815	0	-87.75776	41.65403	787.5	817.5
418	901	0	-87.6612	41.92893	901	931	0	-87.6398	41.94423	903.5	933.5
419	695	0	-87.70296	42.05823	695	725	0	-87.69786	42.08078	697.5	727.5
420	725	0	-87.66657	42.01608	725	755	0	-87.65776	41.99424	727.5	757.5
421	650	0	-87.75776	41.65403	650	680	0	-87.78695	41.66088	652.5	682.5
422	798	0	-87.54169	41.58593	798	828	0	-87.57099	41.58928	800.5	830.5
423	930	0	-87.6398	41.94423	930	960	0	-87.6612	41.92893	932.5	962.5
424	857	0	-87.8083	41.71878	857	887	0	-87.83765	41.72533	859.5	889.5
425	715	0	-88.07869	41.70823	715	745	0	-88.05795	41.69235	717.5	747.5
426	955	0	-88.10702	42.10327	955	985	0	-88.09228	42.12193	957.4	987.4
427	692	0	-87.82265	41.58003	692	722	0	-87.79385	41.57553	694.4	724.4
428	985	0	-88.3246	41.74376	985	1015	0	-88.32038	41.76493	987.4	1017.4
429	700	0	-87.6385	41.93948	700	730	0	-87.65315	41.95829	702.4	732.4
430	930	0	-87.65315	41.95829	930	960	0	-87.6385	41.93948	932.4	962.4
431	897	0	-87.95676	41.79945	897	927	0	-87.9727	41.78095	899.4	929.4
432	875	0	-88.01882	41.86793	875	905	0	-88.02116	41.84633	877.4	907.4
433	615	0	-87.73721	41.98993	615	645	0	-87.71946	42.00627	617.3	647.3
434	660	0	-87.73721	41.98993	660	690	0	-87.71946	42.00627	662.3	692.3
435	843	0	-87.9727	41.78095	843	873	0	-87.95991	41.76303	845.3	875.3
436	875	0	-88.34732	41.73418	875	905	0	-88.3246	41.74376	877.2	907.2
437	961	0	-87.66195	41.54803	961	991	0	-87.66475	41.56813	963.2	993.2
438	895	0	-88.09046	42.03808	895	925	0	-88.08922	42.05793	897.2	927.2
439	600	0	-87.70666	41.97838	600	630	0	-87.68186	41.97231	602.2	632.2
440	855	0	-88.3246	41.74376	855	885	0	-88.34732	41.73418	857.2	887.2
441	740	0	-88.29892	41.74104	740	770	0	-88.3246	41.74376	742.2	772.2
442	720	0	-88.3246	41.74376	720	750	0	-88.29892	41.74104	722.2	752.2
443	694	0	-88.34732	41.73418	694	724	0	-88.3246	41.74376	696.2	726.2
444	897	0	-87.75646	42.09673	897	927	0	-87.73304	42.08683	899.2	929.2
445	923	0	-87.73304	42.08683	923	953	0	-87.75646	42.09673	925.2	955.2
446	925	0	-88.13065	41.79773	925	955	0	-88.10801	41.80543	927.1	957.1
447	680	0	-88.16351	41.78673	680	710	0	-88.16687	41.76818	682.1	712.1
448	715	0	-87.68136	41.93043	715	745	0	-87.70021	41.94298	717.1	747.1
449	915	0	-88.10801	41.80543	915	945	0	-88.13065	41.79773	917.1	947.1
450	945	0	-87.99362	42.07443	945	975	0	-88.01657	42.08168	947.1	977.1
451	681	0	-87.71916	42.05888	681	711	0	-87.73581	42.07188	683	713
452	795	0	-87.78621	42.03218	795	825	0	-87.77535	42.04803	797	827
453	733	0	-87.82181	41.97743	733	763	0	-87.82666	41.95958	735	765
454	915	0	-88.12692	42.01883	915	945	0	-88.12837	42.03653	917	947
455	870	0	-87.84836	41.9634	870	900	0	-87.82681	41.97088	872	902
456	735	0	-87.7929	41.69214	735	765	0	-87.7826	41.70858	737	767
457	975	0	-87.63445	41.92248	975	1005	0	-87.65599	41.91433	977	1007
458	825	0	-87.82681	41.97088	825	855	0	-87.84836	41.9634	827	857
459	925	0	-88.24769	41.7497	925	955	0	-88.23412	41.73593	926.9	956.9
460	690	0	-88.24769	41.7497	690	720	0	-88.23412	41.73593	691.9	721.9
461	745	0	-87.6528	41.68861	745	775	0	-87.63235	41.68158	746.9	776.9
462	760	0	-87.84781	42.03253	760	790	0	-87.8367	42.04728	761.9	791.9
463	830	0	-87.59897	41.79042	830	860	0	-87.59439	41.80603	831.8	861.8
464	865	0	-87.98021	41.87643	865	895	0	-88.00066	41.88253	866.8	896.8
465	925	0	-87.84781	42.03253	925	955	0	-87.86881	42.03597	926.8	956.8
466	665	0	-87.86881	42.03597	665	695	0	-87.84781	42.03253	666.8	696.8
467	623	0	-87.86587	41.79492	623	653	0	-87.88081	41.80668	624.8	654.8
468	815	0	-87.59439	41.80603	815	845	0	-87.59897	41.79042	816.8	846.8
469	840	0	-87.8277	41.72558	840	870	0	-87.8083	41.71878	841.8	871.8
470	900	0	-87.86881	42.03597	900	930	0	-87.84781	42.03253	901.8	931.8
471	665	0	-87.6359	41.90748	665	695	0	-87.64635	41.92188	666.8	696.8
472	855	0	-87.84026	42.01753	855	885	0	-87.84781	42.03253	856.8	886.8
473	848	0	-87.82666	41.95958	848	878	0	-87.84836	41.9634	849.8	879.8
474	695	0	-87.7826	41.70858	695	725	0	-87.7893	41.72293	696.7	726.7
475	612	0	-87.83877	42.16033	612	642	0	-87.81887	42.16363	613.7	643.7
476	975	0	-87.8277	41.72558	975	1005	0	-87.83221	41.71093	976.7	1006.7
477	905	0	-87.97066	41.88258	905	935	0	-87.97567	41.89758	906.7	936.7
478	896	0	-88.33992	41.78258	896	926	0	-88.3198	41.78323	897.7	927.7
479	885	0	-87.97567	41.89758	885	915	0	-87.97066	41.88258	886.7	916.7
480	970	0	-87.95642	42.22292	970	1000	0	-87.94942	42.20828	971.7	1001.7
481	970	0	-87.82666	41.95958	970	1000	0	-87.81271	41.94883	971.7	1001.7
482	705	0	-88.32093	41.88843	705	735	0	-88.32222	41.90353	706.7	736.7
483	730	0	-88.32222	41.90353	730	760	0	-88.32093	41.88843	731.7	761.7
484	815	0	-87.83337	42.44082	815	845	0	-87.83862	42.45522	816.7	846.7
485	800	0	-87.7826	41.70858	800	830	0	-87.7693	41.69743	801.7	831.7
486	659	0	-87.97066	41.88258	659	689	0	-87.97567	41.89758	660.7	690.7
487	645	0	-87.97567	41.89758	645	675	0	-87.97066	41.88258	646.7	676.7
488	660	0	-87.63281	41.87389	660	690	0	-87.6208	41.88486	661.6	691.6
489	675	0	-88.11311	41.53653	675	705	0	-88.09971	41.54668	676.6	706.6
490	942	0	-87.75581	42.03345	942	972	0	-87.75619	42.01863	943.6	973.6
491	972	0	-87.8083	41.71878	972	1002	0	-87.7893	41.72293	973.6	1003.6
492	730	0	-87.65065	41.70318	730	760	0	-87.6528	41.68861	731.6	761.6
493	692	0	-87.75619	42.01863	692	722	0	-87.75581	42.03345	693.6	723.6
494	726	0	-88.09102	41.86333	726	756	0	-88.11012	41.86383	727.6	757.6
495	730	0	-87.85761	41.90413	730	760	0	-87.83806	41.90288	731.6	761.6
496	645	0	-87.65599	41.91433	645	675	0	-87.67126	41.92083	646.5	676.5
497	896	0	-88.12302	41.84228	896	926	0	-88.12257	41.85557	897.5	927.5
498	870	0	-88.12297	41.92703	870	900	0	-88.13297	41.91573	871.5	901.5
499	695	0	-88.12297	41.92703	695	725	0	-88.13297	41.91573	696.5	726.5
500	880	0	-88.13297	41.91573	880	910	0	-88.12297	41.92703	881.5	911.5
501	609	0	-88.09092	41.87719	609	639	0	-88.09102	41.86333	610.5	640.5
502	915	0	-88.12297	41.92703	915	945	0	-88.13297	41.91573	916.5	946.5
503	702	0	-87.75581	42.03345	702	732	0	-87.74021	42.02798	703.4	733.4
504	748	0	-87.83806	41.90288	748	778	0	-87.85066	41.89483	749.4	779.4
505	760	0	-88.12257	41.85557	760	790	0	-88.11012	41.86383	761.4	791.4
506	950	0	-88.10677	41.88093	950	980	0	-88.09092	41.87719	951.4	981.4
507	900	0	-87.74021	42.02798	900	930	0	-87.75581	42.03345	901.4	931.4
508	835	0	-88.18272	41.76293	835	865	0	-88.16687	41.76818	836.4	866.4
509	970	0	-87.69472	41.9905	970	1000	0	-87.69922	42.00123	971.3	1001.3
510	605	0	-87.65944	42.00552	605	635	0	-87.66657	42.01608	606.3	636.3
511	795	0	-87.6195	41.74368	795	825	0	-87.60955	41.73473	796.3	826.3
512	700	0	-87.64401	41.95008	700	730	0	-87.65315	41.95829	701.2	731.2
513	690	0	-87.6749	41.86293	690	720	0	-87.66405	41.86918	691.1	721.1
514	765	0	-87.66405	41.86918	765	795	0	-87.6749	41.86293	766.1	796.1
515	585	0	-87.82221	41.94143	585	615	0	-87.82116	41.93163	586.1	616.1
516	785	0	-87.65975	41.66663	785	815	0	-87.65155	41.67413	786.1	816.1
517	690	0	-87.6992	41.71903	690	720	0	-87.7128	41.71983	691.1	721.1
518	955	0	-87.67916	42.04668	955	985	0	-87.6855	42.03765	956.1	986.1
519	948	0	-87.78935	41.88329	948	978	0	-87.78219	41.89163	949.1	979.1
520	885	0	-87.62149	41.87077	885	915	0	-87.63281	41.87389	886	916
521	945	0	-87.67545	41.92873	945	975	0	-87.68196	41.93593	946	976
522	835	0	-87.67706	42.05508	835	865	0	-87.67916	42.04668	836	866
523	825	0	-87.62024	41.89843	825	855	0	-87.61155	41.89263	826	856
524	961	0	-87.86787	42.13093	961	991	0	-87.86847	42.12198	962	992
525	586	0	-87.69495	41.66458	586	616	0	-87.68412	41.66631	586.9	616.9
526	645	0	-87.76176	41.96038	645	675	0	-87.75261	41.96053	645.8	675.8
527	700	0	-87.82681	41.97088	700	730	0	-87.82181	41.97743	700.8	730.8
528	665	0	-87.81102	42.16718	665	695	0	-87.81887	42.16363	665.8	695.8
529	660	0	-87.77141	41.94208	660	690	0	-87.76166	41.94218	660.8	690.8
530	872	0	-87.83765	41.72533	872	902	0	-87.8277	41.72558	872.8	902.8
531	620	0	-87.63922	41.89258	620	650	0	-87.64155	41.89804	620.6	650.6
532	880	0	-87.82622	42.45242	880	910	0	-87.63226	41.90033	943.5	973.5
533	855	0	-88.46104	42.31407	855	885	0	-88.33984	41.76578	916.8	946.8
534	845	0	-87.75856	42.05638	845	875	0	-88.32222	41.90353	894.6	924.6
535	772	0	-88.33518	42.16532	772	802	0	-87.75856	42.05638	821.1	851.1
536	881	0	-87.86787	42.13093	881	911	0	-88.21399	42.40154	922.4	952.4
537	585	0	-87.63313	41.88483	585	615	0	-87.98992	42.08538	622	652
538	585	0	-87.63313	41.88483	585	615	0	-87.98992	42.08538	622	652
539	850	0	-88.08047	42.01618	850	880	0	-88.23412	41.73593	883.7	913.7
540	591	0	-87.66479	41.51698	591	621	0	-87.74031	41.78952	622	652
541	713	0	-88.32093	41.88843	713	743	0	-88.33518	42.16532	743.8	773.8
542	655	0	-87.74031	41.78952	655	685	0	-87.8599	41.62298	676	706
543	855	0	-87.8599	41.62298	855	885	0	-87.725	41.49893	872.8	902.8
544	926	0	-88.16687	41.76818	926	956	0	-88.33901	41.67931	943.4	973.4
545	700	0	-88.20327	41.68083	700	730	0	-88.07636	41.79868	716.8	746.8
546	700	0	-88.20327	41.68083	700	730	0	-88.07636	41.79868	716.8	746.8
547	660	0	-88.4125	41.3766	660	690	0	-88.2944	41.25825	676.5	706.5
548	705	0	-88.13667	42.03598	705	735	0	-88.32082	42.08492	721.1	751.1
549	855	0	-87.56619	41.60383	855	885	0	-87.619	41.72548	869.2	899.2
550	655	0	-88.33992	41.78258	655	685	0	-88.18272	41.76293	668.2	698.2
551	795	0	-87.93327	42.05883	795	825	0	-88.08047	42.01618	808.1	838.1
552	679	0	-88.1614	41.57273	679	709	0	-88.11696	41.68008	691.5	721.5
553	930	0	-87.5941	41.79042	930	960	0	-87.62024	41.89843	942.2	972.2
554	675	0	-88.03347	42.17547	675	705	0	-87.99362	42.07443	686.7	716.7
555	675	0	-88.03347	42.17547	675	705	0	-87.99362	42.07443	686.7	716.7
556	885	0	-88.07178	42.14213	885	915	0	-88.14498	42.22658	896.2	926.2
557	885	0	-88.07178	42.14213	885	915	0	-88.14498	42.22658	896.2	926.2
558	885	0	-88.07178	42.14213	885	915	0	-88.14498	42.22658	896.2	926.2
559	890	0	-88.32222	41.90353	890	920	0	-88.43233	41.84842	901	931
560	950	0	-87.70022	42.04474	950	980	0	-87.79176	42.11608	961	991
561	775	0	-87.84424	41.77083	775	805	0	-87.9727	41.78095	785.7	815.7
562	588	0	-87.98992	42.08538	588	618	0	-88.03347	42.17547	598.6	628.6
563	588	0	-87.98992	42.08538	588	618	0	-88.03347	42.17547	598.6	628.6
564	885	0	-88.32093	41.88843	885	915	0	-88.43233	41.84842	895.2	925.2
565	795	0	-87.82087	42.37077	795	825	0	-87.94328	42.35314	805.2	835.2
566	695	0	-88.05497	42.05213	695	725	0	-87.93327	42.05883	705.1	735.1
567	617	0	-87.81877	42.13813	617	647	0	-87.93537	42.13432	626.6	656.6
568	793	0	-88.20327	41.68083	793	823	0	-88.18272	41.76293	802.3	832.3
569	745	0	-87.55968	41.71283	745	775	0	-87.66425	41.70308	753.7	783.7
570	608	0	-87.92986	41.73753	608	638	0	-87.89811	41.81163	616.7	646.7
571	802	0	-87.95069	42.17452	802	832	0	-87.86787	42.13093	810.4	840.4
572	890	0	-88.17702	41.74643	890	920	0	-88.08441	41.77098	898.2	928.2
573	875	0	-88.01246	41.82923	875	905	0	-87.92571	41.79848	883	913
574	855	0	-87.74253	41.96426	855	885	0	-87.65776	41.99424	862.8	892.8
575	690	0	-88.23037	41.61465	690	720	0	-88.20327	41.68083	697.7	727.7
576	690	0	-88.23037	41.61465	690	720	0	-88.20327	41.68083	697.7	727.7
577	805	0	-87.78154	41.63582	805	835	0	-87.82215	41.69468	812.4	842.4
578	933	0	-87.67171	41.98001	933	963	0	-87.67916	42.04668	940.4	970.4
579	933	0	-87.67171	41.98001	933	963	0	-87.67916	42.04668	940.4	970.4
580	730	0	-87.6525	41.89269	730	760	0	-87.71246	41.93553	736.9	766.9
581	945	0	-87.725	41.49893	945	975	0	-87.64761	41.50978	951.6	981.6
582	915	0	-87.619	41.72548	915	945	0	-87.6343	41.66754	921.6	951.6
583	865	0	-88.13833	42.17237	865	895	0	-88.07178	42.14213	871.4	901.4
584	865	0	-88.13833	42.17237	865	895	0	-88.07178	42.14213	871.4	901.4
585	855	0	-88.05795	41.69235	855	885	0	-88.11696	41.68008	860.1	890.1
586	945	0	-88.05795	41.69235	945	975	0	-88.11696	41.68008	950.1	980.1
587	855	0	-88.05795	41.69235	855	885	0	-88.11696	41.68008	860.1	890.1
588	765	0	-87.85066	41.89483	765	795	0	-87.90496	41.91413	770	800
589	930	0	-87.85066	41.89483	930	960	0	-87.90496	41.91413	935	965
590	825	0	-87.90496	41.91413	825	855	0	-87.85066	41.89483	830	860
591	638	0	-87.88081	41.80668	638	668	0	-87.84424	41.77083	643	673
592	675	0	-87.78695	41.66088	675	705	0	-87.82215	41.69468	679.8	709.8
593	825	0	-87.82215	41.69468	825	855	0	-87.78695	41.66088	829.8	859.8
594	825	0	-87.82215	41.69468	825	855	0	-87.78695	41.66088	829.8	859.8
595	645	0	-88.27493	41.74188	645	675	0	-88.32038	41.76493	649.6	679.6
596	678	0	-87.93537	42.13432	678	708	0	-87.95069	42.17452	682.6	712.6
597	885	0	-88.13275	41.74588	885	915	0	-88.18272	41.76293	889.6	919.6
598	615	0	-88.01272	42.02523	615	645	0	-88.05497	42.05213	619.6	649.6
599	905	0	-87.78621	42.03218	905	935	0	-87.8367	42.04728	909.5	939.5
600	905	0	-87.78621	42.03218	905	935	0	-87.8367	42.04728	909.5	939.5
601	705	0	-88.11065	41.6985	705	735	0	-88.05795	41.69235	709.4	739.4
602	825	0	-87.68536	42.00869	825	855	0	-87.66426	41.97283	829.4	859.4
603	875	0	-87.92797	42.36322	875	905	0	-87.89462	42.39236	879.2	909.2
604	680	0	-87.95676	41.79945	680	710	0	-87.95991	41.76303	684.1	714.1
605	665	0	-87.95991	41.76303	665	695	0	-87.95676	41.79945	669.1	699.1
606	680	0	-87.95676	41.79945	680	710	0	-87.95991	41.76303	684.1	714.1
607	875	0	-87.95991	41.76303	875	905	0	-87.95676	41.79945	879.1	909.1
608	585	0	-87.86787	42.13093	585	615	0	-87.81877	42.13813	589.1	619.1
609	875	0	-87.95991	41.76303	875	905	0	-87.95676	41.79945	879.1	909.1
610	665	0	-88.14543	42.05328	665	695	0	-88.16007	42.01878	669	699
611	695	0	-87.81272	42.18952	695	725	0	-87.77651	42.16537	699	729
612	885	0	-88.31465	42.29472	885	915	0	-88.26836	42.28477	889	919
613	850	0	-88.36279	41.77186	850	880	0	-88.32038	41.76493	853.6	883.6
614	825	0	-88.32038	41.76493	825	855	0	-88.36279	41.77186	828.6	858.6
615	915	0	-88.41359	42.28267	915	945	0	-88.44044	42.30707	918.5	948.5
616	735	0	-87.78271	41.99006	735	765	0	-87.7464	42.00608	738.5	768.5
617	955	0	-87.82611	42.03298	955	985	0	-87.86881	42.03597	958.5	988.5
618	705	0	-87.7464	42.00608	705	735	0	-87.78271	41.99006	708.5	738.5
619	735	0	-87.78271	41.99006	735	765	0	-87.7464	42.00608	738.5	768.5
620	705	0	-87.7464	42.00608	705	735	0	-87.78271	41.99006	708.5	738.5
621	630	0	-87.89181	41.74772	630	660	0	-87.92986	41.73753	633.4	663.4
622	932	0	-88.29013	42.00048	932	962	0	-88.25502	42.01598	935.4	965.4
623	616	0	-87.89811	41.81163	616	646	0	-87.86587	41.79492	619.3	649.3
624	975	0	-88.06941	41.54263	975	1005	0	-88.08016	41.51528	978.2	1008.2
625	975	0	-88.06941	41.54263	975	1005	0	-88.08016	41.51528	978.2	1008.2
626	945	0	-88.18272	41.76293	945	975	0	-88.21969	41.76139	948.1	978.1
627	660	0	-88.13065	41.79773	660	690	0	-88.16802	41.79703	663.1	693.1
628	985	0	-88.23412	41.73593	985	1015	0	-88.21969	41.76139	988.1	1018.1
629	660	0	-88.13065	41.79773	660	690	0	-88.16802	41.79703	663.1	693.1
630	985	0	-88.23412	41.73593	985	1015	0	-88.21969	41.76139	988.1	1018.1
631	935	0	-87.7806	41.87633	935	965	0	-87.81636	41.87598	938	968
632	680	0	-87.81887	42.16363	680	710	0	-87.81272	42.18952	682.9	712.9
633	605	0	-87.82346	42.01501	605	635	0	-87.84781	42.03253	607.8	637.8
634	605	0	-87.82346	42.01501	605	635	0	-87.84781	42.03253	607.8	637.8
635	972	0	-88.33814	41.75773	972	1002	0	-88.33992	41.78258	974.8	1004.8
636	795	0	-88.3208	41.85438	795	825	0	-88.33992	41.87293	797.6	827.6
637	795	0	-88.3208	41.85438	795	825	0	-88.33992	41.87293	797.6	827.6
638	650	0	-87.75776	41.65403	650	680	0	-87.78695	41.66088	652.5	682.5
639	801	0	-88.00861	41.84698	801	831	0	-88.01882	41.86793	803.5	833.5
640	930	0	-87.6398	41.94423	930	960	0	-87.6612	41.92893	932.5	962.5
641	925	0	-87.96802	42.11708	925	955	0	-87.99752	42.12203	927.5	957.5
642	857	0	-87.8083	41.71878	857	887	0	-87.83765	41.72533	859.5	889.5
643	897	0	-87.95676	41.79945	897	927	0	-87.9727	41.78095	899.4	929.4
644	875	0	-88.01882	41.86793	875	905	0	-88.02116	41.84633	877.4	907.4
645	897	0	-87.95676	41.79945	897	927	0	-87.9727	41.78095	899.4	929.4
646	885	0	-87.79131	41.89511	885	915	0	-87.7806	41.87633	887.3	917.3
647	843	0	-87.9727	41.78095	843	873	0	-87.95991	41.76303	845.3	875.3
648	945	0	-87.99362	42.07443	945	975	0	-88.01657	42.08168	947.1	977.1
649	975	0	-88.3198	41.78323	975	1005	0	-88.32038	41.76493	977	1007
650	735	0	-87.7929	41.69214	735	765	0	-87.7826	41.70858	737	767
651	585	0	-87.76551	42.01488	585	615	0	-87.7464	42.00608	586.9	616.9
652	585	0	-87.76551	42.01488	585	615	0	-87.7464	42.00608	586.9	616.9
653	623	0	-87.86587	41.79492	623	653	0	-87.88081	41.80668	624.8	654.8
654	915	0	-87.66426	41.97283	915	945	0	-87.65558	41.98719	916.8	946.8
655	665	0	-87.86881	42.03597	665	695	0	-87.84781	42.03253	666.8	696.8
656	815	0	-87.59439	41.80603	815	845	0	-87.59897	41.79042	816.8	846.8
657	830	0	-87.59897	41.79042	830	860	0	-87.59439	41.80603	831.8	861.8
658	830	0	-87.59897	41.79042	830	860	0	-87.59439	41.80603	831.8	861.8
659	925	0	-87.84781	42.03253	925	955	0	-87.86881	42.03597	926.8	956.8
660	800	0	-87.7826	41.70858	800	830	0	-87.7693	41.69743	801.7	831.7
661	900	0	-87.97066	41.88258	900	930	0	-87.97567	41.89758	901.7	931.7
662	900	0	-87.97066	41.88258	900	930	0	-87.97567	41.89758	901.7	931.7
663	875	0	-87.93537	42.13432	875	905	0	-87.95377	42.13143	876.6	906.6
664	835	0	-88.18272	41.76293	835	865	0	-88.16687	41.76818	836.4	866.4
665	945	0	-87.99362	42.07443	945	975	0	-87.98992	42.08538	946.3	976.3
666	947	0	-87.6946	41.90789	947	977	0	-87.71078	41.90655	948.3	978.3
667	932	0	-88.12877	41.86924	932	962	0	-88.12987	41.88003	933.2	963.2
668	955	0	-87.67916	42.04668	955	985	0	-87.6855	42.03765	956.1	986.1
669	955	0	-87.67916	42.04668	955	985	0	-87.6855	42.03765	956.1	986.1
670	706	0	-87.586	41.80108	706	736	0	-87.59439	41.80603	706.9	736.9
671	872	0	-87.83765	41.72533	872	902	0	-87.8277	41.72558	872.8	902.8
672	872	0	-87.83765	41.72533	872	902	0	-87.8277	41.72558	872.8	902.8
673	915	0	-87.7464	42.00608	915	945	0	-87.73676	42.00623	915.8	945.8
674	855	0	-87.63226	41.90033	855	885	0	-87.631	41.90763	855.8	885.8
675	872	0	-87.83765	41.72533	872	902	0	-87.8277	41.72558	872.8	902.8
676	885	0	-87.7944	41.72703	885	915	0	-87.7893	41.72293	885.6	915.6
677	943	0	-87.61155	41.89263	943	973	0	-87.6635	42.00552	956.3	986.3
678	915	0	-87.78186	41.96066	915	945	0	-87.72291	41.96458	919.9	949.9
679	930	0	-87.65315	41.95829	930	960	0	-87.6385	41.93948	932.4	962.4
680	635	0	-87.65944	42.00552	635	665	0	-87.66577	41.99422	636.4	666.4
681	961	0	-87.6208	41.88486	961	991	0	-87.78219	41.89163	974.4	1004.4
682	985	0	-87.65125	41.92183	985	1015	0	-87.64971	41.97363	990.8	1020.8
683	945	0	-87.63281	41.87389	945	975	0	-87.65125	41.92183	950.5	980.5
684	720	0	-87.62149	41.87077	720	750	0	-87.61663	41.87773	720.9	750.9
685	765	0	-88.36279	41.77186	765	795	0	-88.31447	41.75715	769.3	799.3
686	975	0	-87.63281	41.87389	975	1005	0	-87.91331	41.80392	999.5	1029.5
687	855	0	-87.63311	41.88134	855	885	0	-87.93672	42.39977	917.9	947.9
688	920	0	-88.24769	41.7497	920	950	0	-88.28917	42.20857	971.2	1001.2
689	735	0	-87.61155	41.89263	735	765	0	-87.80335	41.59114	772.1	802.1
690	855	0	-88.20327	41.68083	855	885	0	-88.11696	41.68008	862.2	892.2
691	855	0	-88.20327	41.68083	855	885	0	-88.11696	41.68008	862.2	892.2
692	848	0	-87.76176	41.96038	848	878	0	-87.69922	42.00123	854.9	884.9
693	885	0	-87.82611	42.03298	885	915	0	-87.86881	42.03597	888.5	918.5
694	815	0	-87.80335	41.59114	815	845	0	-87.7787	41.56605	818.5	848.5
695	852	0	-88.28802	41.93353	852	882	0	-88.28751	41.90971	854.7	884.7
696	852	0	-88.28802	41.93353	852	882	0	-88.28751	41.90971	854.7	884.7
697	705	0	-88.16977	41.99553	705	735	0	-88.16007	42.01878	707.7	737.7
698	915	0	-87.73304	42.08683	915	945	0	-87.75646	42.09673	917.2	947.2
699	900	0	-88.46104	42.31407	900	930	0	-88.44044	42.30707	901.9	931.9
700	885	0	-88.09201	41.53783	885	915	0	-88.10326	41.52693	886.5	916.5
701	725	0	-87.73856	42.09893	725	755	0	-87.73304	42.08683	726.4	756.4
702	615	0	-87.73304	42.08683	615	645	0	-87.73856	42.09893	616.4	646.4
703	859	0	-88.12987	41.88003	859	889	0	-88.12877	41.86924	860.2	890.2
704	895	0	-87.76351	42.07223	895	925	0	-87.75326	42.07213	895.8	925.8
705	840	0	-87.94502	42.14608	840	870	0	-87.69251	41.94683	870.4	900.4
706	925	0	-87.64271	41.88534	925	955	0	-87.97567	41.89758	952.6	982.6
707	735	0	-87.6424	41.87918	735	765	0	-87.92571	41.79848	760.1	790.1
708	975	0	-87.6424	41.87918	975	1005	0	-87.7929	41.69214	999.3	1029.3
709	795	0	-88.02057	41.88263	795	825	0	-88.01657	42.08168	817.1	847.1
710	956	0	-87.64271	41.88534	956	986	0	-87.75856	42.05638	977.3	1007.3
711	940	0	-87.84424	41.77083	940	970	0	-87.65185	41.84358	957.9	987.9
712	855	0	-88.12432	41.82653	855	885	0	-87.93991	41.84633	870.4	900.4
713	795	0	-87.71246	41.93553	795	825	0	-87.6525	41.89269	801.9	831.9
714	920	0	-87.92571	41.79848	920	950	0	-87.95991	41.76303	924.9	954.9
715	760	0	-87.93977	41.97588	760	790	0	-87.97862	41.97688	763.2	793.2
716	935	0	-87.7806	41.87633	935	965	0	-87.81636	41.87598	938	968
717	740	0	-87.63311	41.88134	740	770	0	-87.631	41.90763	742.9	772.9
718	810	0	-87.8367	42.04728	810	840	0	-87.86881	42.03597	812.9	842.9
719	855	0	-87.631	41.90763	855	885	0	-87.63311	41.88134	857.9	887.9
720	645	0	-87.7128	41.71983	645	675	0	-87.72534	41.69678	647.8	677.8
721	790	0	-87.75776	41.65403	790	820	0	-87.78154	41.63582	792.8	822.8
722	961	0	-87.66195	41.54803	961	991	0	-87.66475	41.56813	963.2	993.2
723	945	0	-87.66475	41.56813	945	975	0	-87.66195	41.54803	947.2	977.2
724	881	0	-87.63311	41.88134	881	911	0	-87.63226	41.90033	883.1	913.1
725	840	0	-87.77535	42.04803	840	870	0	-87.78621	42.03218	842	872
726	825	0	-87.84836	41.9634	825	855	0	-87.82666	41.95958	826.8	856.8
727	825	0	-87.651	41.91448	825	855	0	-87.63445	41.92248	826.6	856.6
728	893	0	-87.63281	41.87389	893	923	0	-87.64271	41.88534	894.5	924.5
729	670	0	-87.66577	41.99422	670	700	0	-87.65944	42.00552	671.4	701.4
730	586	0	-87.6517	41.93638	586	616	0	-87.6612	41.92893	587.1	617.1
731	975	0	-87.6612	41.92893	975	1005	0	-87.6517	41.93638	976.1	1006.1
732	985	0	-87.6517	41.93638	985	1015	0	-87.6612	41.92893	986.1	1016.1
733	932	0	-87.78219	41.89163	932	962	0	-87.78935	41.88329	933.1	963.1
734	865	0	-87.61155	41.89263	865	895	0	-87.62024	41.89843	866	896
735	740	0	-87.61663	41.87773	740	770	0	-87.62149	41.87077	740.9	770.9
736	915	0	-87.63226	41.90033	915	945	0	-87.631	41.90763	915.8	945.8
737	880	0	-87.79131	41.89511	880	910	0	-87.78219	41.89163	880.8	910.8
738	940	0	-87.63313	41.88483	940	970	0	-87.64271	41.88534	940.8	970.8
739	615	0	-87.66812	42.00551	615	645	0	-87.65944	42.00552	615.7	645.7
740	680	0	-87.65944	42.00552	680	710	0	-87.66812	42.00551	680.7	710.7
741	795	0	-87.6469	41.93468	795	825	0	-87.65145	41.92913	795.7	825.7
742	685	0	-87.65944	42.00552	685	715	0	-87.6635	42.00552	685.3	715.3
743	855	0	-87.71431	41.90638	855	885	0	-87.71078	41.90655	855.3	885.3